1.753576469421386719e+01 5.544535446166992188e+01
1.753587722778320312e+01 5.544540405273437500e+01
9.782121181488037109e-01 7.280062866210937500e+01
1.753597831726074219e+01 5.544555282592773438e+01
8.864125013351440430e-01 7.570408630371093750e+01
1.134194087982177734e+01 5.638058853149414062e+01
9.781516790390014648e-01 7.279976654052734375e+01
7.425567016601562500e+02 5.640254211425781250e+01
8.374293327331542969e+00 5.756350708007812500e+01
1.388780593872070312e+01 5.577196884155273438e+01
4.920513629913330078e+00 5.873871612548828125e+01
1.389653587341308594e+01 5.577199172973632812e+01
2.334747314453125000e+01 5.587191772460937500e+01
8.857255578041076660e-01 7.566974639892578125e+01
9.776954054832458496e-01 7.279216003417968750e+01
7.162803173065185547e+00 5.829645538330078125e+01
9.744096755981445312e+00 5.695854949951171875e+01
1.389404201507568359e+01 5.577282714843750000e+01
2.334747314453125000e+01 5.587191772460937500e+01
5.636075973510742188e+00 5.967190933227539062e+01
7.464503765106201172e+00 5.809632873535156250e+01
9.457733154296875000e+00 5.701002502441406250e+01
1.389392471313476562e+01 5.577283096313476562e+01
1.285562801361083984e+01 5.587191772460937500e+01
9.791387319564819336e-01 7.281085205078125000e+01
5.897277832031250000e+00 5.938828659057617188e+01
6.678932666778564453e+00 5.799927139282226562e+01
1.133951854705810547e+01 5.638061904907226562e+01
1.389562511444091797e+01 5.577246093750000000e+01
4.692507266998291016e+00 6.084768676757812500e+01
6.162138462066650391e+00 5.912110137939453125e+01
8.430440902709960938e+00 5.755857086181640625e+01
1.136981105804443359e+01 5.637061691284179688e+01
1.389713382720947266e+01 5.577170181274414062e+01
9.796497821807861328e-01 7.279797363281250000e+01
4.891140460968017578e+00 6.057873916625976562e+01
6.488194942474365234e+00 5.882120895385742188e+01
7.008783340454101562e+00 5.751145935058593750e+01
1.138554954528808594e+01 5.636521148681640625e+01
1.389874267578125000e+01 5.577087783813476562e+01
1.355214834213256836e+00 6.989700317382812500e+01
5.109079837799072266e+00 6.029796600341796875e+01
6.822504520416259766e+00 5.854520416259765625e+01
4.265992164611816406e+00 5.751311874389648438e+01
1.138986968994140625e+01 5.636358261108398438e+01
1.390039062500000000e+01 5.577007675170898438e+01
9.782748222351074219e-01 7.280618286132812500e+01
3.338243961334228516e+00 6.306163024902343750e+01
4.015044212341308594e+00 6.187004089355468750e+01
5.422455787658691406e+00 5.991695404052734375e+01
7.244132041931152344e+00 5.824076080322265625e+01
1.138663387298583984e+01 5.636463165283203125e+01
1.390058994293212891e+01 5.576988220214843750e+01
1.753597640991210938e+01 5.544513320922851562e+01
3.127557754516601562e+00 6.293665313720703125e+01
4.211682319641113281e+00 6.155423355102539062e+01
5.728474140167236328e+00 5.956930541992187500e+01
7.425444602966308594e+00 5.812124633789062500e+01
9.609123229980468750e+00 5.702071762084960938e+01
1.136767864227294922e+01 5.637104797363281250e+01
1.389991664886474609e+01 5.576992797851562500e+01
1.753574371337890625e+01 5.544507598876953125e+01
9.778083562850952148e-01 7.277293395996093750e+01
1.362317562103271484e+00 6.986090850830078125e+01
3.526334524154663086e+00 6.271460342407226562e+01
4.464808464050292969e+00 6.117126464843750000e+01
5.939247131347656250e+00 5.934446334838867188e+01
7.482331275939941406e+00 5.808508300781250000e+01
9.610122680664062500e+00 5.701978302001953125e+01
1.135125827789306641e+01 5.637580108642578125e+01
1.389749240875244141e+01 5.577022552490234375e+01
1.753539657592773438e+01 5.544477081298828125e+01
1.525776505470275879e+00 6.733918762207031250e+01
2.433665037155151367e+00 6.491138458251953125e+01
2.429832935333251953e+00 6.388553619384765625e+01
3.686493873596191406e+00 6.242878341674804688e+01
4.761687278747558594e+00 6.075186538696289062e+01
6.120138168334960938e+00 5.916202545166015625e+01
7.510379791259765625e+00 5.806748199462890625e+01
6.486442565917968750e+00 5.701762771606445312e+01
1.134666061401367188e+01 5.637685775756835938e+01
1.389355373382568359e+01 5.577079391479492188e+01
1.753528594970703125e+01 5.544469070434570312e+01
8.857018351554870605e-01 7.569850921630859375e+01
9.810795783996582031e-01 7.265232849121093750e+01
1.341593980789184570e+00 6.934833526611328125e+01
1.776839017868041992e+00 6.806504058837890625e+01
1.074965596199035645e+00 6.737681579589843750e+01
2.575180768966674805e+00 6.480363464355468750e+01
2.726151466369628906e+00 6.367543792724609375e+01
3.873803853988647461e+00 6.210516357421875000e+01
4.993449211120605469e+00 6.044512176513671875e+01
6.236715793609619141e+00 5.904970932006835938e+01
7.531125068664550781e+00 5.805455780029296875e+01
4.290458202362060547e+00 5.748780441284179688e+01
1.134078598022460938e+01 5.637754440307617188e+01
1.389061832427978516e+01 5.577111434936523438e+01
9.773778319358825684e-01 7.278846740722656250e+01
1.147967457771301270e+00 7.151873016357421875e+01
1.353572130203247070e+00 6.997339630126953125e+01
1.125269055366516113e+00 6.940437316894531250e+01
1.833016395568847656e+00 6.773297119140625000e+01
1.847109317779541016e+00 6.601674652099609375e+01
2.624795436859130859e+00 6.466059112548828125e+01
3.159146308898925781e+00 6.339989852905273438e+01
4.061978816986083984e+00 6.179259490966796875e+01
5.166152000427246094e+00 6.022665786743164062e+01
6.323322296142578125e+00 5.896892929077148438e+01
7.530255794525146484e+00 5.805509948730468750e+01
8.552518844604492188e+00 5.749935150146484375e+01
1.133603191375732422e+01 5.637855148315429688e+01
1.388788700103759766e+01 5.577094650268554688e+01
1.149605751037597656e+00 7.157793426513671875e+01
1.367545843124389648e+00 6.974558258056640625e+01
1.860998868942260742e+00 6.756697845458984375e+01
1.409077525138854980e+00 6.711595153808593750e+01
2.264570951461791992e+00 6.582704925537109375e+01
2.691736221313476562e+00 6.446995544433593750e+01
3.351510047912597656e+00 6.303542327880859375e+01
4.238437175750732422e+00 6.151221466064453125e+01
5.287652492523193359e+00 6.007804107666015625e+01
6.384535789489746094e+00 5.891319274902343750e+01
7.509403228759765625e+00 5.806809997558593750e+01
8.548577308654785156e+00 5.750123214721679688e+01
1.133566856384277344e+01 5.637786102294921875e+01
8.861321210861206055e-01 7.570289611816406250e+01
9.809642434120178223e-01 7.261919403076171875e+01
1.378477454185485840e+00 6.957127380371093750e+01
1.626123905181884766e+00 6.883255004882812500e+01
1.878047823905944824e+00 6.746946716308593750e+01
2.014895439147949219e+00 6.697296142578125000e+01
2.309195280075073242e+00 6.566053771972656250e+01
2.808099031448364258e+00 6.416227722167968750e+01
3.545593738555908203e+00 6.267943572998046875e+01
4.383430957794189453e+00 6.129137420654296875e+01
5.371860027313232422e+00 5.997649383544921875e+01
6.410443305969238281e+00 5.888993835449218750e+01
7.486333370208740234e+00 5.808257293701171875e+01
5.588652610778808594e+00 5.750822067260742188e+01
1.133383655548095703e+01 5.637832641601562500e+01
1.111008262634277344e+01 5.637148666381835938e+01
9.779107570648193359e-01 7.274347686767578125e+01
1.150555849075317383e+00 7.144612884521484375e+01
1.378221035003662109e+00 6.944506835937500000e+01
1.671818375587463379e+00 6.861340332031250000e+01
1.885557055473327637e+00 6.742807769775390625e+01
1.847579717636108398e+00 6.692374420166015625e+01
2.380834341049194336e+00 6.541322326660156250e+01
2.943703413009643555e+00 6.384220123291015625e+01
3.719140052795410156e+00 6.237138748168945312e+01
4.495635509490966797e+00 6.112598800659179688e+01
5.429371356964111328e+00 5.990859985351562500e+01
6.409569263458251953e+00 5.889072418212890625e+01
7.461049079895019531e+00 5.809855651855468750e+01
8.513731002807617188e+00 5.751792144775390625e+01
9.727141380310058594e+00 5.696622848510742188e+01
1.134171009063720703e+01 5.637691879272460938e+01
9.775125980377197266e-01 7.278569030761718750e+01
1.147594690322875977e+00 7.148863220214843750e+01
1.372741580009460449e+00 6.939261627197265625e+01
1.691801548004150391e+00 6.851676940917968750e+01
1.892027378082275391e+00 6.739416503906250000e+01
2.058841228485107422e+00 6.680120086669921875e+01
2.489732265472412109e+00 6.507469940185546875e+01
3.098551034927368164e+00 6.351968002319335938e+01
3.843962669372558594e+00 6.215572357177734375e+01
4.581069946289062500e+00 6.100304794311523438e+01
5.464430809020996094e+00 5.986759185791015625e+01
6.384028911590576172e+00 5.891366958618164062e+01
7.450730323791503906e+00 5.810511016845703125e+01
6.264077186584472656e+00 5.753348541259765625e+01
9.668231964111328125e+00 5.699275588989257812e+01
8.854442238807678223e-01 7.568920898437500000e+01
9.791148304939270020e-01 7.281156921386718750e+01
1.147134661674499512e+00 7.154077148437500000e+01
1.348196625709533691e+00 6.985292053222656250e+01
1.369700312614440918e+00 6.936081695556640625e+01
1.702424645423889160e+00 6.846418762207031250e+01
1.901176691055297852e+00 6.734867858886718750e+01
2.134249925613403320e+00 6.637749481201171875e+01
2.645804166793823242e+00 6.459945678710937500e+01
3.252751350402832031e+00 6.321997070312500000e+01
3.944979906082153320e+00 6.198510742187500000e+01
4.644537448883056641e+00 6.091331481933593750e+01
5.479387283325195312e+00 5.985018920898437500e+01
6.342578411102294922e+00 5.895130920410156250e+01
7.462225914001464844e+00 5.809780883789062500e+01
8.443450927734375000e+00 5.755207061767578125e+01
9.621760368347167969e+00 5.701231765747070312e+01
8.772206306457519531e-01 7.570508575439453125e+01
9.810237288475036621e-01 7.259060668945312500e+01
1.147478818893432617e+00 7.153710937500000000e+01
1.350198864936828613e+00 6.991163635253906250e+01
1.370891690254211426e+00 6.934822082519531250e+01
1.712025284767150879e+00 6.841549682617187500e+01
1.921126961708068848e+00 6.728584289550781250e+01
2.256530046463012695e+00 6.585621643066406250e+01
2.798950195312500000e+00 6.418530273437500000e+01
3.382369756698608398e+00 6.297753906250000000e+01
4.016364097595214844e+00 6.186682128906250000e+01
4.692288875579833984e+00 6.084674072265625000e+01
5.478767871856689453e+00 5.986573791503906250e+01
6.337523937225341797e+00 5.895594787597656250e+01
7.134966850280761719e+00 5.810007858276367188e+01
8.358998298645019531e+00 5.759381103515625000e+01
8.465746879577636719e+00 5.754117202758789062e+01
9.802727103233337402e-01 7.272064208984375000e+01
1.148153305053710938e+00 7.154730224609375000e+01
1.351271986961364746e+00 6.994697570800781250e+01
1.372380614280700684e+00 6.934203338623046875e+01
1.739254355430603027e+00 6.827272033691406250e+01
1.960548520088195801e+00 6.730200195312500000e+01
2.393067836761474609e+00 6.537308502197265625e+01
2.920220613479614258e+00 6.389462661743164062e+01
3.482484340667724609e+00 6.279338836669921875e+01
4.061276912689208984e+00 6.179336547851562500e+01
4.708302021026611328e+00 6.082456207275390625e+01
5.471468448638916016e+00 5.987918472290039062e+01
6.377181529998779297e+00 5.891989517211914062e+01
7.412473678588867188e+00 5.812961196899414062e+01
7.559475898742675781e+00 5.803702545166015625e+01
9.787655472755432129e-01 7.279389953613281250e+01
1.148371577262878418e+00 7.155093383789062500e+01
1.351482272148132324e+00 6.995387268066406250e+01
1.376449108123779297e+00 6.932726287841796875e+01
1.804546475410461426e+00 6.790203094482421875e+01
2.056271076202392578e+00 6.681220245361328125e+01
2.524833679199218750e+00 6.496279907226562500e+01
3.016792774200439453e+00 6.368580627441406250e+01
3.556936264038085938e+00 6.265866088867187500e+01
4.097128391265869141e+00 6.173535919189453125e+01
4.701325416564941406e+00 6.083414077758789062e+01
5.464066982269287109e+00 5.988899612426757812e+01
6.418983936309814453e+00 5.888236236572265625e+01
7.168306827545166016e+00 5.828892517089843750e+01
6.303129196166992188e+00 5.809113311767578125e+01
8.858274817466735840e-01 7.566519165039062500e+01
9.777226448059082031e-01 7.273860168457031250e+01
1.148354530334472656e+00 7.155020141601562500e+01
1.351499795913696289e+00 6.995407104492187500e+01
1.523051500320434570e+00 6.932167053222656250e+01
1.886617422103881836e+00 6.742198181152343750e+01
2.209033489227294922e+00 6.604191589355468750e+01
2.650467872619628906e+00 6.458576202392578125e+01
3.091935396194458008e+00 6.353244400024414062e+01
3.608820199966430664e+00 6.256570434570312500e+01
4.115694522857666016e+00 6.170548248291015625e+01
4.689685344696044922e+00 6.085018920898437500e+01
5.055231094360351562e+00 5.988162994384765625e+01
4.691957950592041016e+00 5.892013549804687500e+01
3.301555395126342773e+00 5.862053680419921875e+01
7.242392539978027344e+00 5.823938751220703125e+01
8.853315114974975586e-01 7.568264007568359375e+01
9.775296449661254883e-01 7.275079345703125000e+01
1.148151516914367676e+00 7.154602050781250000e+01
1.354422926902770996e+00 6.995087432861328125e+01
1.636465549468994141e+00 6.878026580810546875e+01
1.950490832328796387e+00 6.728712463378906250e+01
2.336512327194213867e+00 6.556225585937500000e+01
2.753688573837280273e+00 6.430201721191406250e+01
3.154492139816284180e+00 6.340815734863281250e+01
3.638243675231933594e+00 6.251335525512695312e+01
4.116802215576171875e+00 6.170363616943359375e+01
4.695128440856933594e+00 6.084258651733398438e+01
4.568299770355224609e+00 5.986539077758789062e+01
5.083991527557373047e+00 5.914614105224609375e+01
6.623784542083740234e+00 5.870570373535156250e+01
8.854575753211975098e-01 7.568964385986328125e+01
9.774703979492187500e-01 7.275202941894531250e+01
1.148432374000549316e+00 7.155090332031250000e+01
1.371802091598510742e+00 6.967996215820312500e+01
1.780853033065795898e+00 6.804016876220703125e+01
2.049938678741455078e+00 6.681231689453125000e+01
2.435996532440185547e+00 6.523944091796875000e+01
2.823014259338378906e+00 6.412495422363281250e+01
3.200125694274902344e+00 6.331957626342773438e+01
3.654053211212158203e+00 6.248529052734375000e+01
4.108166217803955078e+00 6.171741867065429688e+01
4.729405403137207031e+00 6.079533386230468750e+01
5.435950756072998047e+00 5.991621398925781250e+01
4.981179237365722656e+00 5.930129241943359375e+01
3.642998933792114258e+00 5.897920989990234375e+01
8.855552673339843750e-01 7.569281768798828125e+01
9.774334430694580078e-01 7.275044250488281250e+01
1.382255196571350098e+00 6.932007598876953125e+01
1.888265967369079590e+00 6.741297149658203125e+01
2.169440269470214844e+00 6.620889282226562500e+01
2.516701459884643555e+00 6.498568725585937500e+01
2.875676393508911133e+00 6.399748992919921875e+01
3.232342958450317383e+00 6.325793838500976562e+01
3.659275770187377930e+00 6.247599792480468750e+01
4.111039161682128906e+00 6.171276473999023438e+01
4.763170242309570312e+00 6.074916076660156250e+01
4.339564800262451172e+00 5.998339080810546875e+01
4.289108276367187500e+00 5.957583999633789062e+01
8.855334520339965820e-01 7.569208526611328125e+01
9.773766398429870605e-01 7.275192260742187500e+01
1.150269389152526855e+00 7.138015747070312500e+01
1.348070383071899414e+00 6.984627532958984375e+01
1.667398452758789062e+00 6.863338470458984375e+01
1.946260452270507812e+00 6.730851745605468750e+01
2.258370161056518555e+00 6.584786987304687500e+01
2.581806182861328125e+00 6.478247070312500000e+01
2.912757635116577148e+00 6.391158676147460938e+01
3.252831935882568359e+00 6.321901321411132812e+01
3.663298845291137695e+00 6.246883392333984375e+01
4.145280361175537109e+00 6.165802001953125000e+01
4.624871730804443359e+00 6.073458099365234375e+01
4.077796459197998047e+00 6.020240783691406250e+01
5.442741394042968750e+00 5.990983581542968750e+01
8.854981064796447754e-01 7.569092559814453125e+01
9.770693182945251465e-01 7.277226257324218750e+01
1.146638274192810059e+00 7.152395629882812500e+01
1.379933118820190430e+00 6.945601654052734375e+01
1.820341467857360840e+00 6.780826568603515625e+01
2.016715288162231445e+00 6.696559143066406250e+01
2.326089382171630859e+00 6.559870147705078125e+01
2.627138376235961914e+00 6.465117645263671875e+01
2.937749624252319336e+00 6.385540771484375000e+01
3.262726068496704102e+00 6.320024490356445312e+01
3.683374643325805664e+00 6.243334960937500000e+01
4.207516193389892578e+00 6.155979919433593750e+01
4.677796363830566406e+00 6.086606597900390625e+01
4.926375389099121094e+00 6.053197097778320312e+01
5.068966865539550781e+00 6.012549209594726562e+01
8.855129480361938477e-01 7.569141387939453125e+01
9.788859486579895020e-01 7.281446075439453125e+01
1.585420131683349609e+00 6.904284667968750000e+01
1.896322846412658691e+00 6.737061309814453125e+01
2.085734367370605469e+00 6.664900207519531250e+01
2.372698307037353516e+00 6.543860626220703125e+01
2.661420822143554688e+00 6.455374908447265625e+01
2.952968597412109375e+00 6.382183837890625000e+01
3.272850036621093750e+00 6.318109893798828125e+01
3.341382741928100586e+00 6.234067535400390625e+01
3.942078828811645508e+00 6.147881317138671875e+01
4.542867660522460938e+00 6.105703735351562500e+01
4.336248874664306641e+00 6.073674011230468750e+01
8.856700062751770020e-01 7.569717407226562500e+01
9.806670546531677246e-01 7.255503845214843750e+01
1.150138258934020996e+00 7.143536376953125000e+01
1.364028453826904297e+00 6.981824493408203125e+01
1.718699693679809570e+00 6.838070678710937500e+01
1.934332489967346191e+00 6.727584838867187500e+01
2.147145509719848633e+00 6.631077575683593750e+01
2.407321214675903320e+00 6.532609558105468750e+01
2.682433366775512695e+00 6.449481964111328125e+01
2.961274385452270508e+00 6.380370330810546875e+01
3.297506332397460938e+00 6.313475036621093750e+01
3.594746589660644531e+00 6.226570129394531250e+01
2.456788778305053711e+00 6.154055023193359375e+01
4.182378768920898438e+00 6.125887298583984375e+01
4.557993412017822266e+00 6.103528976440429688e+01
9.770303368568420410e-01 7.277030944824218750e+01
1.149392724037170410e+00 7.155379486083984375e+01
1.376057267189025879e+00 6.933079528808593750e+01
1.813562989234924316e+00 6.784844970703125000e+01
1.961577296257019043e+00 6.722470092773437500e+01
2.195367336273193359e+00 6.609722137451171875e+01
2.431881904602050781e+00 6.524909973144531250e+01
2.696213483810424805e+00 6.445657348632812500e+01
2.974667787551879883e+00 6.377471542358398438e+01
3.351215600967407227e+00 6.303431701660156250e+01
3.272831916809082031e+00 6.226625823974609375e+01
2.208892822265625000e+00 6.175567245483398438e+01
3.428647279739379883e+00 6.148727035522460938e+01
6.042648553848266602e-01 7.129040527343750000e+01
1.350381016731262207e+00 6.991197967529296875e+01
1.603740334510803223e+00 6.894268798828125000e+01
1.866298794746398926e+00 6.753660583496093750e+01
1.993865370750427246e+00 6.706576538085937500e+01
2.226562500000000000e+00 6.597044372558593750e+01
2.449805259704589844e+00 6.519377899169921875e+01
2.708230972290039062e+00 6.442354583740234375e+01
3.001355886459350586e+00 6.371787261962890625e+01
3.217930316925048828e+00 6.289693832397460938e+01
3.692914009094238281e+00 6.238562774658203125e+01
3.468140363693237305e+00 6.208737945556640625e+01
8.853969573974609375e-01 7.568773651123046875e+01
9.770293831825256348e-01 7.276498413085937500e+01
1.148240804672241211e+00 7.154547882080078125e+01
1.380237340927124023e+00 6.949093627929687500e+01
1.694156527519226074e+00 6.850408935546875000e+01
1.897296071052551270e+00 6.736485290527343750e+01
2.020876407623291016e+00 6.692267608642578125e+01
2.246759414672851562e+00 6.589167022705078125e+01
2.459981679916381836e+00 6.516188049316406250e+01
2.722795963287353516e+00 6.438400268554687500e+01
3.059293270111083984e+00 6.359780120849609375e+01
2.772257089614868164e+00 6.290697860717773438e+01
3.017982482910156250e+00 6.259856796264648438e+01
2.663009881973266602e+00 6.229181671142578125e+01
7.747350931167602539e-01 7.125219726562500000e+01
1.347187280654907227e+00 6.973720550537109375e+01
1.404391527175903320e+00 6.929463195800781250e+01
1.762723803520202637e+00 6.814289855957031250e+01
1.916830301284790039e+00 6.727442169189453125e+01
2.041369915008544922e+00 6.683116912841796875e+01
2.260301828384399414e+00 6.583972167968750000e+01
2.466959714889526367e+00 6.513959503173828125e+01
2.751107931137084961e+00 6.430857849121093750e+01
3.136284828186035156e+00 6.344340896606445312e+01
2.595083236694335938e+00 6.305533981323242188e+01
3.454643964767456055e+00 6.284333419799804688e+01
8.853228092193603516e-01 7.568529510498046875e+01
9.769843220710754395e-01 7.276664733886718750e+01
1.146703958511352539e+00 7.151244354248046875e+01
1.362546324729919434e+00 6.982437896728515625e+01
1.586006045341491699e+00 6.903767395019531250e+01
1.810893774032592773e+00 6.786424255371093750e+01
1.929953217506408691e+00 6.723448944091796875e+01
2.056733608245849609e+00 6.673267364501953125e+01
2.268904447555541992e+00 6.580701446533203125e+01
2.479412078857421875e+00 6.510000610351562500e+01
2.808022022247314453e+00 6.416232299804687500e+01
2.657984972000122070e+00 6.345441436767578125e+01
3.235202550888061523e+00 6.325194931030273438e+01
2.996049165725708008e+00 6.303433227539062500e+01
1.380213618278503418e+00 6.946115112304687500e+01
1.644252896308898926e+00 6.874259948730468750e+01
1.840174555778503418e+00 6.769021606445312500e+01
1.939137220382690430e+00 6.724673461914062500e+01
2.067065238952636719e+00 6.669030761718750000e+01
2.279018640518188477e+00 6.576908874511718750e+01
2.507187128067016602e+00 6.501258087158203125e+01
2.869078159332275391e+00 6.400866699218750000e+01
2.696038007736206055e+00 6.358147430419921875e+01
3.156980752944946289e+00 6.340268707275390625e+01
8.863682150840759277e-01 7.570381164550781250e+01
9.769638180732727051e-01 7.276678466796875000e+01
1.146612882614135742e+00 7.150740814208984375e+01
1.347700238227844238e+00 6.983216094970703125e+01
1.377639055252075195e+00 6.933129119873046875e+01
1.688094973564147949e+00 6.853360748291015625e+01
1.860213518142700195e+00 6.757215881347656250e+01
1.944248437881469727e+00 6.721502685546875000e+01
2.076231241226196289e+00 6.664416503906250000e+01
2.294476985931396484e+00 6.571198272705078125e+01
2.573349475860595703e+00 6.480714416503906250e+01
2.458211898803710938e+00 6.400492095947265625e+01
2.442668676376342773e+00 6.372350311279296875e+01
3.083030700683593750e+00 6.354959869384765625e+01
1.148865938186645508e+00 7.155609893798828125e+01
1.358938694000244141e+00 6.982491302490234375e+01
1.450308918952941895e+00 6.926473999023437500e+01
1.720412969589233398e+00 6.837146759033203125e+01
1.871657848358154297e+00 6.750593566894531250e+01
1.948514342308044434e+00 6.720533752441406250e+01
2.088039636611938477e+00 6.658002471923828125e+01
2.328976392745971680e+00 6.558798217773437500e+01
2.230339288711547852e+00 6.461886596679687500e+01
2.420550584793090820e+00 6.414669799804687500e+01
2.058055877685546875e+00 6.388898468017578125e+01
9.772319793701171875e-01 7.274862670898437500e+01
1.149071455001831055e+00 7.147743225097656250e+01
1.374629020690917969e+00 6.962437438964843750e+01
1.565518140792846680e+00 6.916721343994140625e+01
1.744671940803527832e+00 6.824224853515625000e+01
1.881043314933776855e+00 6.745281219482421875e+01
1.953025460243225098e+00 6.718997955322265625e+01
2.110349416732788086e+00 6.646311187744140625e+01
2.386038780212402344e+00 6.537407684326171875e+01
2.605788469314575195e+00 6.471161651611328125e+01
2.719547748565673828e+00 6.439278411865234375e+01
2.828844785690307617e+00 6.411065673828125000e+01
9.785499572753906250e-01 7.281572723388671875e+01
1.146313786506652832e+00 7.151197052001953125e+01
1.347589731216430664e+00 6.972548675537109375e+01
1.380393385887145996e+00 6.946317291259765625e+01
1.594040513038635254e+00 6.899272918701171875e+01
1.764652848243713379e+00 6.813157653808593750e+01
1.886912584304809570e+00 6.742023468017578125e+01
1.958990573883056641e+00 6.715502166748046875e+01
2.167308330535888672e+00 6.621582031250000000e+01
2.415866136550903320e+00 6.529764556884765625e+01
2.120488405227661133e+00 6.492555236816406250e+01
2.216060638427734375e+00 6.460665130615234375e+01
2.323144912719726562e+00 6.430243682861328125e+01
8.867775201797485352e-01 7.570570373535156250e+01
9.787971973419189453e-01 7.271876525878906250e+01
1.147592544555664062e+00 7.153121948242187500e+01
1.348852634429931641e+00 6.985872650146484375e+01
1.378444433212280273e+00 6.938625335693359375e+01
1.615021586418151855e+00 6.888343048095703125e+01
1.776885390281677246e+00 6.806195068359375000e+01
1.892465472221374512e+00 6.738989257812500000e+01
1.972396612167358398e+00 6.708134460449218750e+01
2.232476234436035156e+00 6.594657897949218750e+01
2.381817340850830078e+00 6.540786743164062500e+01
2.453355789184570312e+00 6.518002319335937500e+01
2.549117803573608398e+00 6.488092041015625000e+01
9.770537614822387695e-01 7.276403045654296875e+01
1.149597764015197754e+00 7.144234466552734375e+01
1.149195790290832520e+00 7.152613830566406250e+01
1.354835391044616699e+00 6.987651824951171875e+01
1.379381537437438965e+00 6.933975982666015625e+01
1.630895733833312988e+00 6.880593872070312500e+01
1.791844844818115234e+00 6.797572326660156250e+01
1.903824210166931152e+00 6.732907867431640625e+01
2.017862558364868164e+00 6.683719635009765625e+01
1.933934330940246582e+00 6.587149047851562500e+01
2.302531003952026367e+00 6.557397460937500000e+01
2.015673875808715820e+00 6.533608245849609375e+01
1.831048250198364258e+00 6.510830688476562500e+01
8.857178092002868652e-01 7.569928741455078125e+01
9.802996516227722168e-01 7.255426025390625000e+01
9.783680438995361328e-01 7.281325531005859375e+01
1.147084951400756836e+00 7.146333312988281250e+01
1.360136628150939941e+00 6.980528259277343750e+01
1.382692337036132812e+00 6.931098175048828125e+01
1.645698904991149902e+00 6.873527526855468750e+01
1.746779561042785645e+00 6.789245605468750000e+01
1.926862955093383789e+00 6.720758819580078125e+01
2.078480243682861328e+00 6.657489013671875000e+01
1.669116139411926270e+00 6.604528808593750000e+01
1.731135964393615723e+00 6.575206756591796875e+01
1.631233692169189453e+00 6.549403381347656250e+01
9.775010943412780762e-01 7.271002197265625000e+01
1.146122574806213379e+00 7.150505065917968750e+01
1.366214513778686523e+00 6.973903656005859375e+01
1.390684962272644043e+00 6.928547668457031250e+01
1.660790443420410156e+00 6.866363525390625000e+01
1.505148410797119141e+00 6.773107910156250000e+01
1.960813641548156738e+00 6.706668090820312500e+01
2.053563833236694336e+00 6.666520690917968750e+01
1.820639729499816895e+00 6.636001586914062500e+01
2.220852375030517578e+00 6.599253082275390625e+01
8.855362534523010254e-01 7.567774200439453125e+01
9.768137931823730469e-01 7.275827789306640625e+01
1.149450302124023438e+00 7.124597930908203125e+01
1.146791815757751465e+00 7.149787139892578125e+01
1.346537947654724121e+00 6.968566894531250000e+01
1.371235013008117676e+00 6.966357421875000000e+01
1.403981447219848633e+00 6.925679779052734375e+01
1.685887336730957031e+00 6.854375457763671875e+01
1.848452687263488770e+00 6.764077758789062500e+01
1.745495080947875977e+00 6.700879669189453125e+01
1.779890894889831543e+00 6.683171844482421875e+01
1.812172293663024902e+00 6.664015197753906250e+01
2.152615785598754883e+00 6.628174591064453125e+01
8.871379494667053223e-01 7.570603942871093750e+01
9.801456332206726074e-01 7.253064727783203125e+01
9.770441651344299316e-01 7.276897430419921875e+01
1.149100065231323242e+00 7.135067749023437500e+01
1.146678328514099121e+00 7.151298522949218750e+01
1.348067760467529297e+00 6.970740509033203125e+01
1.374926567077636719e+00 6.960857391357421875e+01
1.451914906501770020e+00 6.921819305419921875e+01
1.718850731849670410e+00 6.837869262695312500e+01
1.896759510040283203e+00 6.729260253906250000e+01
1.696390151977539062e+00 6.706958007812500000e+01
1.986893534660339355e+00 6.695458984375000000e+01
2.023804664611816406e+00 6.679447937011718750e+01
9.792203903198242188e-01 7.266500854492187500e+01
9.779264926910400391e-01 7.279932403564453125e+01
1.148759961128234863e+00 7.144744873046875000e+01
1.147596359252929688e+00 7.152887725830078125e+01
1.347889304161071777e+00 6.974877166748046875e+01
1.377845168113708496e+00 6.954838562011718750e+01
1.585069298744201660e+00 6.903734588623046875e+01
1.344228386878967285e+00 6.818239593505859375e+01
1.626141786575317383e+00 6.728385162353515625e+01
1.539127588272094727e+00 6.712030029296875000e+01
1.965842723846435547e+00 6.703701019287109375e+01
1.796649575233459473e+00 6.691838073730468750e+01
8.854554295539855957e-01 7.568015289306640625e+01
9.769833087921142578e-01 7.272018432617187500e+01
9.791149497032165527e-01 7.280692291259765625e+01
1.146662354469299316e+00 7.147000122070312500e+01
1.148318171501159668e+00 7.154122924804687500e+01
1.347309112548828125e+00 6.980625915527343750e+01
1.380239963531494141e+00 6.943574523925781250e+01
1.377447724342346191e+00 6.873951721191406250e+01
1.311382412910461426e+00 6.787553405761718750e+01
1.454873085021972656e+00 6.742781066894531250e+01
1.347510337829589844e+00 6.720946502685546875e+01
1.948686480522155762e+00 6.708186340332031250e+01
8.860050439834594727e-01 7.570249938964843750e+01
9.772112369537353516e-01 7.273320007324218750e+01
1.147170662879943848e+00 7.143028259277343750e+01
1.148788690567016602e+00 7.154028320312500000e+01
1.349015712738037109e+00 6.983843231201171875e+01
1.385917782783508301e+00 6.926940917968750000e+01
1.636312007904052734e+00 6.858726501464843750e+01
1.238547921180725098e+00 6.804087829589843750e+01
1.812594413757324219e+00 6.766063690185546875e+01
1.895461797714233398e+00 6.737436676025390625e+01
9.800231456756591797e-01 7.250180816650390625e+01
9.768505096435546875e-01 7.275338745117187500e+01
1.146887660026550293e+00 7.145343017578125000e+01
1.363948464393615723e+00 6.974211120605468750e+01
1.396846055984497070e+00 6.917704010009765625e+01
1.312337636947631836e+00 6.861916351318359375e+01
1.371350169181823730e+00 6.840812683105468750e+01
1.096142768859863281e+00 6.789070892333984375e+01
9.798201322555541992e-01 7.256046295166015625e+01
9.767972826957702637e-01 7.275926971435546875e+01
8.732759952545166016e-01 7.119193267822265625e+01
1.146654963493347168e+00 7.146835327148437500e+01
4.036777913570404053e-01 6.965483093261718750e+01
1.360191464424133301e+00 6.977496337890625000e+01
1.587856650352478027e+00 6.902215576171875000e+01
1.131504774093627930e+00 6.874777221679687500e+01
1.657093524932861328e+00 6.858523559570312500e+01
1.631317377090454102e+00 6.828878021240234375e+01
8.856037855148315430e-01 7.567511749267578125e+01
9.793204069137573242e-01 7.262194061279296875e+01
9.769514203071594238e-01 7.276304626464843750e+01
1.101653337478637695e+00 7.119281005859375000e+01
1.146217703819274902e+00 7.148407745361328125e+01
1.346051454544067383e+00 6.965547180175781250e+01
1.378028988838195801e+00 6.933338928222656250e+01
1.564996838569641113e+00 6.913420867919921875e+01
1.605752110481262207e+00 6.892993164062500000e+01
1.560152173042297363e+00 6.871797943115234375e+01
8.853638768196105957e-01 7.568666839599609375e+01
9.782397150993347168e-01 7.267317962646484375e+01
9.771085381507873535e-01 7.275844573974609375e+01
1.148495554924011230e+00 7.128193664550781250e+01
1.146849036216735840e+00 7.148953247070312500e+01
1.358939409255981445e+00 6.977359008789062500e+01
1.378116607666015625e+00 6.932370758056640625e+01
1.360930562019348145e+00 6.920278167724609375e+01
1.452568292617797852e+00 6.906365966796875000e+01
8.856938481330871582e-01 7.569821166992187500e+01
9.769999384880065918e-01 7.267631530761718750e+01
9.771537780761718750e-01 7.277513885498046875e+01
1.145652294158935547e+00 7.142614746093750000e+01
1.344913840293884277e+00 6.965265655517578125e+01
1.372609496116638184e+00 6.961698913574218750e+01
1.379478931427001953e+00 6.937968444824218750e+01
1.327763319015502930e+00 6.927641296386718750e+01
8.862559795379638672e-01 7.570334625244140625e+01
8.366305232048034668e-01 7.237371063232421875e+01
9.769902229309082031e-01 7.269283294677734375e+01
1.146267890930175781e+00 7.148062896728515625e+01
1.348784565925598145e+00 6.978247833251953125e+01
1.373533248901367188e+00 6.959600830078125000e+01
1.379961967468261719e+00 6.945568847656250000e+01
1.378746271133422852e+00 6.935351562500000000e+01
8.869581222534179688e-01 7.570629119873046875e+01
9.810947179794311523e-01 7.241042327880859375e+01
9.773328304290771484e-01 7.270529174804687500e+01
1.008878111839294434e+00 6.965357971191406250e+01
1.349884748458862305e+00 6.977949523925781250e+01
1.246342658996582031e+00 6.968972778320312500e+01
1.253962397575378418e+00 6.951860046386718750e+01
1.254114627838134766e+00 6.939265441894531250e+01
9.791646003723144531e-01 7.251981353759765625e+01
9.768018722534179688e-01 7.268828582763671875e+01
1.345528483390808105e+00 6.963040161132812500e+01
1.354844331741333008e+00 6.976612091064453125e+01
9.779398441314697266e-01 7.256761932373046875e+01
9.768517613410949707e-01 7.264593505859375000e+01
1.008905410766601562e+00 6.965367126464843750e+01
1.348331332206726074e+00 6.977304077148437500e+01
9.810988903045654297e-01 7.235872650146484375e+01
9.791316390037536621e-01 7.249548339843750000e+01
1.070717453956604004e+00 7.110991668701171875e+01
1.147539615631103516e+00 7.131118774414062500e+01
1.146319031715393066e+00 7.147756958007812500e+01
9.814409613609313965e-01 7.230639648437500000e+01
9.769077897071838379e-01 7.274756622314453125e+01
1.150218248367309570e+00 7.111064910888671875e+01
1.147193431854248047e+00 7.130725097656250000e+01
1.147912979125976562e+00 7.130467987060546875e+01
8.854801654815673828e-01 7.569036102294921875e+01
8.340965509414672852e-01 7.107138061523437500e+01
1.149350523948669434e+00 7.109039306640625000e+01
1.147298216819763184e+00 7.129085540771484375e+01
1.147064208984375000e+00 7.132696533203125000e+01
9.765899181365966797e-01 7.270257568359375000e+01
1.149531722068786621e+00 7.106229400634765625e+01
1.149072170257568359e+00 7.107092285156250000e+01
9.798500537872314453e-01 7.231682586669921875e+01
9.802299737930297852e-01 7.227665710449218750e+01
9.794961214065551758e-01 7.228458404541015625e+01
9.800278544425964355e-01 7.234359741210937500e+01
9.017459750175476074e-01 7.227782440185546875e+01
9.798377156257629395e-01 7.227510070800781250e+01
9.795006513595581055e-01 7.231131744384765625e+01
9.800604581832885742e-01 7.227583312988281250e+01
9.143036603927612305e-01 7.227720642089843750e+01
