7.568003535270690918e-01 6.448109436035156250e+01
4.498265981674194336e-01 7.152996826171875000e+01
8.906359076499938965e-01 6.297090148925781250e+01
5.679722428321838379e-01 6.851525115966796875e+01
9.880078434944152832e-01 6.191325378417968750e+01
1.085306167602539062e+01 5.184911346435546875e+01
6.163291335105895996e-01 6.681129455566406250e+01
1.016280889511108398e+00 6.175516891479492188e+01
4.116301834583282471e-01 7.156188201904296875e+01
6.267626285552978516e-01 6.641010284423828125e+01
9.740978479385375977e-01 6.202642822265625000e+01
4.170382916927337646e-01 7.115328979492187500e+01
6.206887364387512207e-01 6.664032745361328125e+01
9.081517457962036133e-01 6.272179031372070312e+01
2.200109863281250000e+01 5.424598312377929688e+01
6.002507209777832031e-01 6.744470977783203125e+01
8.343191146850585938e-01 6.386112213134765625e+01
1.310501766204833984e+01 5.185964584350585938e+01
4.170569777488708496e-01 7.115345001220703125e+01
5.770516395568847656e-01 6.824859619140625000e+01
7.645027637481689453e-01 6.438478088378906250e+01
1.675217628479003906e+01 5.276005172729492188e+01
4.145549237728118896e-01 7.134259033203125000e+01
5.547664165496826172e-01 6.887062072753906250e+01
7.058460712432861328e-01 6.566146087646484375e+01
1.000001072883605957e+00 6.184004211425781250e+01
4.087114930152893066e-01 7.177244567871093750e+01
5.298427343368530273e-01 6.948863220214843750e+01
6.625088453292846680e-01 6.617221069335937500e+01
8.921988010406494141e-01 6.295248413085937500e+01
2.200112724304199219e+01 5.424595642089843750e+01
4.020118415355682373e-01 7.259408569335937500e+01
5.001941323280334473e-01 7.012317657470703125e+01
6.354159712791442871e-01 6.613249206542968750e+01
7.970232963562011719e-01 6.430426025390625000e+01
8.496748805046081543e-01 6.191916656494140625e+01
7.971975803375244141e+00 5.153724670410156250e+01
2.200128555297851562e+01 5.424600982666015625e+01
4.557434618473052979e-01 7.129328918457031250e+01
6.026540994644165039e-01 6.735114288330078125e+01
7.309989333152770996e-01 6.491407775878906250e+01
9.560024142265319824e-01 6.219039535522460938e+01
5.248482227325439453e+00 5.152137756347656250e+01
2.200146675109863281e+01 5.424605178833007812e+01
4.345488846302032471e-01 7.105172729492187500e+01
5.681849718093872070e-01 6.850901031494140625e+01
6.729888319969177246e-01 6.623550415039062500e+01
8.588302731513977051e-01 6.343843841552734375e+01
9.803682565689086914e-01 6.164646148681640625e+01
1.319799041748046875e+01 5.187637329101562500e+01
2.200153923034667969e+01 5.424605178833007812e+01
5.365317463874816895e-01 6.932936096191406250e+01
6.433383226394653320e-01 6.598542022705078125e+01
7.717947959899902344e-01 6.435200500488281250e+01
9.920624494552612305e-01 6.187935638427734375e+01
6.157823204994201660e-01 6.049058532714843750e+01
7.033535480499267578e+00 5.166835784912109375e+01
9.161972045898437500e+00 5.190356826782226562e+01
2.200154113769531250e+01 5.424603271484375000e+01
4.151929616928100586e-01 7.129523468017578125e+01
5.005469918251037598e-01 7.011584472656250000e+01
6.077707409858703613e-01 6.715139770507812500e+01
7.047098278999328613e-01 6.572520446777343750e+01
8.837113380432128906e-01 6.302761840820312500e+01
1.140927672386169434e+00 6.162316894531250000e+01
3.406154155731201172e+00 5.246253204345703125e+01
8.961905479431152344e+00 5.157820892333984375e+01
8.470642089843750000e+00 5.190228652954101562e+01
2.200140380859375000e+01 5.424597549438476562e+01
4.025311768054962158e-01 7.262130737304687500e+01
4.509325027465820312e-01 7.136407470703125000e+01
5.699315071105957031e-01 6.845925140380859375e+01
6.606899499893188477e-01 6.623655700683593750e+01
7.858447432518005371e-01 6.429492950439453125e+01
9.897568821907043457e-01 6.189470291137695312e+01
1.010803818702697754e+00 6.068958663940429688e+01
3.505783796310424805e+00 5.443624114990234375e+01
2.515819311141967773e+00 5.334202194213867188e+01
5.770496368408203125e+00 5.226472854614257812e+01
8.017286300659179688e+00 5.154621887207031250e+01
8.944555282592773438e+00 5.190526199340820312e+01
2.200112152099609375e+01 5.424586868286132812e+01
5.340816974639892578e-01 6.938845062255859375e+01
6.286609172821044922e-01 6.634246826171875000e+01
7.207161784172058105e-01 6.522681427001953125e+01
8.830025792121887207e-01 6.303155899047851562e+01
9.610953927040100098e-01 6.187642288208007812e+01
7.446967959403991699e-01 6.025412750244140625e+01
3.675484657287597656e+00 5.423920440673828125e+01
3.911191701889038086e+00 5.313029098510742188e+01
5.167369842529296875e+00 5.216609573364257812e+01
4.766103744506835938e+00 5.153514480590820312e+01
1.029161357879638672e+01 5.190942382812500000e+01
2.200088500976562500e+01 5.424574279785156250e+01
4.185678660869598389e-01 7.105457305908203125e+01
4.018383324146270752e-01 7.034989929199218750e+01
5.860016345977783203e-01 6.795932769775390625e+01
6.674901843070983887e-01 6.622621917724609375e+01
7.856561541557312012e-01 6.428632354736328125e+01
9.643121957778930664e-01 6.210926055908203125e+01
1.201524496078491211e+00 6.100904846191406250e+01
9.327337741851806641e-01 5.946229171752929688e+01
3.160119533538818359e+00 5.410117340087890625e+01
4.895350933074951172e+00 5.302064895629882812e+01
6.750554561614990234e+00 5.206274032592773438e+01
1.022240924835205078e+01 5.152711486816406250e+01
1.224428462982177734e+01 5.191241836547851562e+01
4.015727639198303223e-01 7.227896118164062500e+01
4.446664452552795410e-01 7.144603729248046875e+01
5.493606328964233398e-01 6.900962829589843750e+01
6.343435049057006836e-01 6.615727233886718750e+01
7.200518846511840820e-01 6.532780456542968750e+01
8.638283014297485352e-01 6.332749938964843750e+01
1.050012588500976562e+00 6.162387847900390625e+01
1.305255174636840820e+00 6.048216247558593750e+01
1.554098844528198242e+00 5.736807250976562500e+01
2.486818313598632812e+00 5.507637405395507812e+01
3.860602140426635742e+00 5.402701950073242188e+01
5.000372409820556641e+00 5.293556213378906250e+01
7.189030647277832031e+00 5.192003631591796875e+01
1.025689697265625000e+01 5.152762985229492188e+01
1.337112522125244141e+01 5.190742492675781250e+01
1.675368690490722656e+01 5.275981521606445312e+01
5.107446312904357910e-01 6.990617370605468750e+01
5.915275812149047852e-01 6.776738739013671875e+01
6.659122705459594727e-01 6.618371582031250000e+01
7.754175066947937012e-01 6.432868957519531250e+01
9.277405142784118652e-01 6.248700714111328125e+01
1.153617382049560547e+00 6.143908691406250000e+01
1.385892152786254883e+00 5.995429992675781250e+01
2.064481735229492188e+00 5.705761718750000000e+01
1.846887350082397461e+00 5.596372985839843750e+01
3.113219738006591797e+00 5.492554855346679688e+01
3.896303415298461914e+00 5.397987365722656250e+01
4.652912616729736328e+00 5.282728576660156250e+01
7.415265560150146484e+00 5.185787582397460938e+01
1.028471183776855469e+01 5.152814102172851562e+01
1.320995140075683594e+01 5.187858963012695312e+01
1.675336647033691406e+01 5.275962066650390625e+01
4.124002456665039062e-01 7.150536346435546875e+01
4.527753293514251709e-01 7.131072998046875000e+01
5.535317659378051758e-01 6.890245819091796875e+01
6.333836913108825684e-01 6.618503570556640625e+01
7.053081393241882324e-01 6.566160583496093750e+01
8.325850963592529297e-01 6.384819793701171875e+01
9.969037175178527832e-01 6.184054565429687500e+01
1.188809752464294434e+00 6.091912841796875000e+01
1.381618499755859375e+00 5.953293228149414062e+01
2.133182048797607422e+00 5.686806488037109375e+01
1.520908832550048828e+00 5.580550384521484375e+01
3.154244661331176758e+00 5.486079788208007812e+01
3.962612867355346680e+00 5.390502548217773438e+01
5.334189414978027344e+00 5.271359252929687500e+01
7.615903377532958984e+00 5.180798721313476562e+01
1.024761676788330078e+01 5.152809906005859375e+01
1.313156795501708984e+01 5.186455917358398438e+01
1.675238227844238281e+01 5.275923538208007812e+01
2.200074195861816406e+01 5.424538803100585938e+01
3.008571565151214600e-01 7.094857788085937500e+01
5.133854746818542480e-01 6.985135650634765625e+01
5.890321731567382812e-01 6.785460662841796875e+01
6.595040559768676758e-01 6.619387817382812500e+01
7.546562552452087402e-01 6.448206329345703125e+01
8.900439143180847168e-01 6.295756530761718750e+01
1.050868272781372070e+00 6.161611938476562500e+01
1.284471392631530762e+00 6.059924316406250000e+01
1.503405094146728516e+00 5.919614410400390625e+01
1.038435220718383789e+00 5.790404891967773438e+01
2.192002296447753906e+00 5.671248245239257812e+01
2.486405372619628906e+00 5.570653915405273438e+01
3.180723667144775391e+00 5.482115173339843750e+01
3.650778293609619141e+00 5.382511901855468750e+01
5.561358928680419922e+00 5.258967590332031250e+01
7.640331268310546875e+00 5.180227661132812500e+01
1.004210186004638672e+01 5.152940368652343750e+01
1.309044456481933594e+01 5.185738372802734375e+01
1.675155258178710938e+01 5.275884628295898438e+01
4.157520830631256104e-01 7.125582122802734375e+01
4.544337987899780273e-01 7.126459503173828125e+01
5.497937202453613281e-01 6.899851989746093750e+01
6.252021193504333496e-01 6.646734619140625000e+01
6.852229833602905273e-01 6.612158966064453125e+01
7.950431108474731445e-01 6.428373718261718750e+01
9.344014525413513184e-01 6.241549301147460938e+01
1.139254450798034668e+00 6.164507293701171875e+01
1.336319684982299805e+00 6.030374145507812500e+01
1.140455842018127441e+00 5.885929489135742188e+01
1.573141098022460938e+00 5.761142730712890625e+01
2.064862489700317383e+00 5.657841873168945312e+01
2.445872545242309570e+00 5.565701675415039062e+01
3.201664209365844727e+00 5.479324340820312500e+01
4.160491943359375000e+00 5.369309234619140625e+01
5.667467117309570312e+00 5.253651809692382812e+01
7.548996925354003906e+00 5.182439804077148438e+01
9.518902778625488281e+00 5.153589248657226562e+01
5.569784641265869141e+00 5.156065368652343750e+01
1.675093460083007812e+01 5.275801467895507812e+01
1.675084877014160156e+01 5.275785064697265625e+01
3.301364779472351074e-01 7.247025299072265625e+01
4.267563819885253906e-01 7.072094726562500000e+01
5.094105601310729980e-01 6.993332672119140625e+01
5.801573395729064941e-01 6.815013122558593750e+01
6.482674479484558105e-01 6.597416687011718750e+01
7.241387367248535156e-01 6.510085296630859375e+01
8.394079208374023438e-01 6.374414825439453125e+01
9.844040274620056152e-01 6.193120574951171875e+01
1.071766495704650879e+00 6.116681671142578125e+01
1.191401004791259766e+00 5.992621612548828125e+01
1.058119773864746094e+00 5.869134521484375000e+01
1.921694874763488770e+00 5.746173858642578125e+01
1.867190837860107422e+00 5.651820373535156250e+01
2.578807115554809570e+00 5.564337921142578125e+01
3.148581504821777344e+00 5.474632263183593750e+01
4.273231029510498047e+00 5.358092880249023438e+01
5.730014324188232422e+00 5.250648880004882812e+01
7.495911598205566406e+00 5.183777618408203125e+01
9.386223793029785156e+00 5.154283523559570312e+01
5.561489105224609375e+00 5.155848312377929688e+01
1.675084304809570312e+01 5.275783538818359375e+01
4.160513579845428467e-01 7.123436737060546875e+01
4.514730870723724365e-01 7.156674194335937500e+01
5.411925315856933594e-01 6.921487426757812500e+01
6.111884713172912598e-01 6.701472473144531250e+01
6.691514253616333008e-01 6.623797607421875000e+01
7.600643634796142578e-01 6.441772460937500000e+01
8.824124336242675781e-01 6.302470397949218750e+01
1.030982971191406250e+00 6.166032791137695312e+01
1.232388854026794434e+00 6.087939071655273438e+01
1.430247783660888672e+00 5.971558380126953125e+01
1.247679471969604492e+00 5.855131530761718750e+01
1.678131222724914551e+00 5.738517379760742188e+01
1.900897979736328125e+00 5.650455093383789062e+01
2.660943746566772461e+00 5.562912368774414062e+01
3.314227342605590820e+00 5.464675140380859375e+01
4.373058319091796875e+00 5.347842407226562500e+01
5.732640266418457031e+00 5.250517654418945312e+01
7.423689842224121094e+00 5.185626983642578125e+01
9.267000198364257812e+00 5.155121994018554688e+01
1.107761573791503906e+01 5.155640411376953125e+01
1.328358268737792969e+01 5.189175415039062500e+01
1.675084304809570312e+01 5.275784301757812500e+01
3.583276569843292236e-01 7.247095489501953125e+01
4.273335933685302734e-01 7.071525573730468750e+01
4.966429769992828369e-01 7.019844818115234375e+01
5.675162672996520996e-01 6.852687072753906250e+01
6.347711682319641113e-01 6.614123535156250000e+01
6.913208961486816406e-01 6.609971618652343750e+01
7.887478470802307129e-01 6.425984191894531250e+01
9.179953932762145996e-01 6.260652923583984375e+01
1.050244331359863281e+00 6.159933471679687500e+01
1.264342665672302246e+00 6.074444580078125000e+01
1.464152574539184570e+00 5.952913665771484375e+01
1.672121763229370117e+00 5.842108917236328125e+01
1.963738083839416504e+00 5.736163330078125000e+01
2.090675830841064453e+00 5.650839614868164062e+01
2.589062213897705078e+00 5.559943008422851562e+01
3.425933837890625000e+00 5.452330017089843750e+01
4.476601600646972656e+00 5.338634109497070312e+01
5.713702678680419922e+00 5.251413726806640625e+01
7.308433055877685547e+00 5.188707351684570312e+01
9.112267494201660156e+00 5.156458282470703125e+01
1.094365024566650391e+01 5.155371093750000000e+01
1.320928096771240234e+01 5.187847900390625000e+01
4.140057861804962158e-01 7.138559722900390625e+01
4.442993700504302979e-01 7.140925598144531250e+01
5.278254151344299316e-01 6.953536987304687500e+01
5.909706354141235352e-01 6.778614807128906250e+01
6.525282263755798340e-01 6.600184631347656250e+01
7.209496498107910156e-01 6.519952392578125000e+01
8.205814957618713379e-01 6.398880386352539062e+01
9.456480145454406738e-01 6.230041122436523438e+01
1.126372933387756348e+00 6.181655502319335938e+01
1.291715741157531738e+00 6.054869842529296875e+01
1.489501595497131348e+00 5.945159912109375000e+01
1.481528043746948242e+00 5.833036041259765625e+01
1.963499426841735840e+00 5.736798095703125000e+01
2.254822731018066406e+00 5.652307510375976562e+01
2.709089279174804688e+00 5.555213546752929688e+01
3.526880264282226562e+00 5.440231323242187500e+01
4.533612251281738281e+00 5.332405090332031250e+01
5.683237552642822266e+00 5.252873229980468750e+01
7.153069972991943359e+00 5.193157196044921875e+01
8.857593536376953125e+00 5.159167480468750000e+01
1.092033290863037109e+01 5.154692459106445312e+01
1.315696716308593750e+01 5.186881256103515625e+01
4.246630668640136719e-01 7.074369812011718750e+01
4.689225554466247559e-01 7.085150909423828125e+01
5.518352985382080078e-01 6.894604492187500000e+01
6.166905760765075684e-01 6.679650878906250000e+01
6.678633093833923340e-01 6.619486236572265625e+01
7.483120560646057129e-01 6.454857635498046875e+01
8.511174917221069336e-01 6.346372604370117188e+01
9.774320721626281738e-01 6.198580169677734375e+01
1.152440309524536133e+00 6.153713226318359375e+01
1.314011335372924805e+00 6.046343231201171875e+01
1.504357099533081055e+00 5.932715606689453125e+01
1.455524563789367676e+00 5.830136108398437500e+01
1.953912019729614258e+00 5.737779998779296875e+01
2.249266862869262695e+00 5.653064346313476562e+01
2.779068708419799805e+00 5.542171859741210938e+01
3.594384193420410156e+00 5.431814956665039062e+01
4.551357746124267578e+00 5.330711364746093750e+01
5.643420219421386719e+00 5.254812622070312500e+01
6.967230796813964844e+00 5.198940658569335938e+01
8.543970108032226562e+00 5.163313674926757812e+01
1.066391468048095703e+01 5.153741073608398438e+01
4.095536768436431885e-01 7.171358489990234375e+01
4.363013505935668945e-01 7.111242675781250000e+01
5.115978121757507324e-01 6.988860321044921875e+01
5.727572441101074219e-01 6.837599182128906250e+01
6.346789598464965820e-01 6.614225769042968750e+01
6.825271248817443848e-01 6.613111877441406250e+01
7.709701061248779297e-01 6.430964660644531250e+01
8.781074285507202148e-01 6.307163238525390625e+01
1.002218246459960938e+00 6.179470062255859375e+01
1.175178408622741699e+00 6.130909729003906250e+01
1.331220865249633789e+00 6.035203933715820312e+01
1.513673663139343262e+00 5.928212738037109375e+01
1.590292811393737793e+00 5.830278015136718750e+01
1.938049435615539551e+00 5.740312194824218750e+01
2.260833501815795898e+00 5.650512313842773438e+01
2.851365566253662109e+00 5.529106903076171875e+01
3.656109094619750977e+00 5.424542999267578125e+01
4.550162315368652344e+00 5.330746459960937500e+01
5.587022304534912109e+00 5.257630538940429688e+01
6.826489925384521484e+00 5.203732299804687500e+01
8.279130935668945312e+00 5.167438888549804688e+01
9.928215026855468750e+00 5.153338241577148438e+01
1.098351287841796875e+01 5.155033111572265625e+01
4.208254814147949219e-01 7.091783142089843750e+01
4.525643289089202881e-01 7.130958557128906250e+01
5.334284305572509766e-01 6.940383148193359375e+01
5.909612178802490234e-01 6.778610229492187500e+01
6.477009057998657227e-01 6.595540618896484375e+01
7.041255235671997070e-01 6.579673004150390625e+01
7.901525497436523438e-01 6.424499511718750000e+01
9.002848863601684570e-01 6.279623794555664062e+01
1.023440957069396973e+00 6.167512512207031250e+01
1.193657159805297852e+00 6.113793945312500000e+01
1.340431809425354004e+00 6.033023834228515625e+01
1.515072464942932129e+00 5.927239990234375000e+01
1.691049456596374512e+00 5.832800292968750000e+01
1.932478070259094238e+00 5.742120361328125000e+01
2.294730186462402344e+00 5.642477416992187500e+01
2.914969444274902344e+00 5.521941375732421875e+01
3.698772668838500977e+00 5.420227813720703125e+01
4.535333633422851562e+00 5.332125854492187500e+01
5.507719993591308594e+00 5.261708450317382812e+01
6.654510974884033203e+00 5.210143661499023438e+01
8.096178054809570312e+00 5.170668029785156250e+01
9.400560379028320312e+00 5.154194641113281250e+01
1.085134696960449219e+01 5.154376602172851562e+01
4.017537534236907959e-01 7.227120208740234375e+01
4.288003146648406982e-01 7.072266387939453125e+01
4.824723303318023682e-01 7.048097229003906250e+01
5.521444082260131836e-01 6.893800354003906250e+01
6.110963225364685059e-01 6.701820373535156250e+01
6.601274013519287109e-01 6.617218017578125000e+01
7.237692475318908691e-01 6.510914611816406250e+01
8.108941316604614258e-01 6.408937835693359375e+01
9.198296666145324707e-01 6.258155059814453125e+01
1.041955709457397461e+00 6.159869384765625000e+01
1.204925298690795898e+00 6.108474349975585938e+01
1.344382762908935547e+00 6.026422119140625000e+01
1.509478211402893066e+00 5.929274749755859375e+01
1.675595283508300781e+00 5.840863037109375000e+01
1.939645886421203613e+00 5.739511871337890625e+01
2.368182182312011719e+00 5.625051879882812500e+01
2.989824295043945312e+00 5.508131027221679688e+01
3.724452733993530273e+00 5.417294311523437500e+01
4.513287544250488281e+00 5.334515762329101562e+01
5.414782524108886719e+00 5.266744995117187500e+01
6.461221694946289062e+00 5.217971420288085938e+01
7.852988243103027344e+00 5.175503921508789062e+01
7.367245197296142578e+00 5.155218124389648438e+01
4.152138829231262207e-01 7.129705810546875000e+01
4.400360584259033203e-01 7.128594970703125000e+01
5.125434994697570801e-01 6.986917114257812500e+01
5.686896443367004395e-01 6.849334716796875000e+01
6.267161965370178223e-01 6.641043853759765625e+01
6.710282564163208008e-01 6.624870300292968750e+01
7.423890829086303711e-01 6.469007110595703125e+01
8.278239965438842773e-01 6.383106231689453125e+01
9.313925504684448242e-01 6.244218063354492188e+01
1.055204629898071289e+00 6.155400848388671875e+01
1.212258577346801758e+00 6.101033020019531250e+01
1.344411134719848633e+00 6.027826690673828125e+01
1.499629378318786621e+00 5.937342071533203125e+01
1.665357351303100586e+00 5.848906326293945312e+01
1.960432291030883789e+00 5.734642410278320312e+01
2.449167251586914062e+00 5.606756210327148438e+01
3.067495346069335938e+00 5.496949005126953125e+01
3.748678207397460938e+00 5.414048004150390625e+01
4.489831447601318359e+00 5.336428451538085938e+01
5.337266921997070312e+00 5.271209716796875000e+01
6.305598258972167969e+00 5.224627685546875000e+01
7.650135993957519531e+00 5.180063247680664062e+01
8.978460311889648438e+00 5.157832336425781250e+01
1.766435205936431885e-01 7.241766357421875000e+01
4.230928719043731689e-01 7.080220794677734375e+01
4.539613425731658936e-01 7.125407409667968750e+01
5.299265980720520020e-01 6.948636627197265625e+01
5.828802585601806641e-01 6.806150817871093750e+01
6.380640864372253418e-01 6.604635620117187500e+01
6.811021566390991211e-01 6.619793701171875000e+01
7.576456665992736816e-01 6.442153930664062500e+01
8.424220681190490723e-01 6.362532806396484375e+01
9.435727000236511230e-01 6.231435394287109375e+01
1.058376669883728027e+00 6.153952407836914062e+01
1.214179873466491699e+00 6.099572372436523438e+01
1.339840650558471680e+00 6.030986022949218750e+01
1.488378643989562988e+00 5.938767242431640625e+01
1.659608364105224609e+00 5.849011611938476562e+01
1.997982978820800781e+00 5.722736358642578125e+01
2.516587018966674805e+00 5.591521835327148438e+01
3.122251987457275391e+00 5.489477157592773438e+01
3.754992246627807617e+00 5.413010406494140625e+01
4.449464797973632812e+00 5.340210723876953125e+01
5.229760169982910156e+00 5.277788162231445312e+01
6.185758113861083984e+00 5.229877853393554688e+01
7.474566459655761719e+00 5.184403991699218750e+01
8.280606269836425781e+00 5.167427444458007812e+01
4.057628810405731201e-01 7.196315765380859375e+01
4.299777150154113770e-01 7.074716186523437500e+01
4.755441844463348389e-01 7.066586303710937500e+01
5.452926158905029297e-01 6.911239624023437500e+01
5.979592204093933105e-01 6.752902221679687500e+01
6.472991704940795898e-01 6.593338012695312500e+01
6.923412084579467773e-01 6.601567840576171875e+01
7.693016529083251953e-01 6.429155731201171875e+01
8.559113740921020508e-01 6.340968322753906250e+01
9.515032172203063965e-01 6.223431396484375000e+01
1.059426307678222656e+00 6.152984619140625000e+01
1.211838960647583008e+00 6.101403427124023438e+01
1.330574750900268555e+00 6.033018493652343750e+01
1.474500536918640137e+00 5.946081924438476562e+01
1.668856620788574219e+00 5.846730041503906250e+01
2.053855657577514648e+00 5.706222152709960938e+01
2.569184064865112305e+00 5.578789901733398438e+01
3.144273519515991211e+00 5.486731338500976562e+01
3.739187955856323242e+00 5.414596557617187500e+01
4.394394397735595703e+00 5.345031738281250000e+01
5.117666721343994141e+00 5.285124588012695312e+01
6.034450531005859375e+00 5.236607360839843750e+01
7.247742652893066406e+00 5.190472412109375000e+01
7.873029708862304688e+00 5.175082397460937500e+01
4.160726964473724365e-01 7.123488616943359375e+01
4.386857151985168457e-01 7.117937469482421875e+01
5.054463744163513184e-01 7.001480102539062500e+01
5.585182309150695801e-01 6.877145385742187500e+01
6.112732887268066406e-01 6.701098632812500000e+01
6.545110344886779785e-01 6.597505187988281250e+01
7.048919200897216797e-01 6.578843688964843750e+01
7.787981033325195312e-01 6.428062438964843750e+01
8.654937148094177246e-01 6.329626846313476562e+01
9.569084048271179199e-01 6.217248153686523438e+01
1.060406327247619629e+00 6.152092742919921875e+01
1.205508112907409668e+00 6.109827041625976562e+01
1.317065596580505371e+00 6.042287826538085938e+01
1.465861439704895020e+00 5.952004241943359375e+01
1.697025299072265625e+00 5.828681564331054688e+01
2.115772247314453125e+00 5.689208984375000000e+01
2.620828628540039062e+00 5.571230697631835938e+01
3.155007600784301758e+00 5.485057830810546875e+01
3.715012073516845703e+00 5.417714691162109375e+01
4.331693649291992188e+00 5.351057052612304688e+01
5.026978492736816406e+00 5.291541290283203125e+01
5.918365001678466797e+00 5.241842651367187500e+01
6.884367465972900391e+00 5.201818084716796875e+01
7.541091918945312500e+00 5.182752227783203125e+01
4.021315574645996094e-01 7.245895385742187500e+01
4.227710962295532227e-01 7.081850433349609375e+01
4.488209486007690430e-01 7.144240570068359375e+01
5.200324654579162598e-01 6.971045684814453125e+01
5.701649188995361328e-01 6.845095062255859375e+01
6.230522990226745605e-01 6.654798889160156250e+01
6.622614860534667969e-01 6.621021270751953125e+01
7.145333290100097656e-01 6.530570983886718750e+01
7.852694392204284668e-01 6.418296813964843750e+01
8.706205487251281738e-01 6.320169830322265625e+01
9.591125249862670898e-01 6.214947509765625000e+01
1.060700774192810059e+00 6.151519775390625000e+01
1.196412205696105957e+00 6.108739852905273438e+01
1.303917288780212402e+00 6.044615554809570312e+01
1.467432737350463867e+00 5.949840164184570312e+01
1.743897914886474609e+00 5.804444122314453125e+01
2.175432920455932617e+00 5.672920227050781250e+01
2.664846897125244141e+00 5.560409927368164062e+01
3.162223339080810547e+00 5.483735275268554688e+01
3.687489986419677734e+00 5.419589233398437500e+01
4.261781692504882812e+00 5.357936096191406250e+01
4.932354927062988281e+00 5.298478317260742188e+01
5.828137397766113281e+00 5.245971679687500000e+01
6.593617439270019531e+00 5.212604904174804688e+01
5.208376407623291016e+00 5.195830535888671875e+01
4.050007164478302002e-01 7.200823211669921875e+01
4.285835921764373779e-01 7.070354461669921875e+01
4.625762403011322021e-01 7.100392150878906250e+01
5.324358344078063965e-01 6.942713928222656250e+01
5.804960727691650391e-01 6.813828277587890625e+01
6.311054229736328125e-01 6.625395965576171875e+01
6.678026914596557617e-01 6.614354705810546875e+01
7.229514122009277344e-01 6.510150909423828125e+01
7.920573949813842773e-01 6.421205139160156250e+01
8.741965889930725098e-01 6.313066101074218750e+01
9.580686688423156738e-01 6.215950775146484375e+01
1.057763099670410156e+00 6.151810455322265625e+01
1.184837937355041504e+00 6.121656799316406250e+01
1.294006228446960449e+00 6.045052337646484375e+01
1.486287593841552734e+00 5.936721038818359375e+01
1.805898904800415039e+00 5.783586120605468750e+01
2.232328414916992188e+00 5.657738113403320312e+01
2.693367004394531250e+00 5.555416107177734375e+01
3.156809329986572266e+00 5.484297561645507812e+01
3.653347969055175781e+00 5.422782516479492188e+01
4.198321819305419922e+00 5.363924407958984375e+01
4.841554641723632812e+00 5.305546188354492188e+01
5.669605255126953125e+00 5.253501892089843750e+01
5.566074371337890625e+00 5.223691940307617188e+01
4.141887426376342773e-01 7.137319946289062500e+01
4.344925880432128906e-01 7.095877075195312500e+01
3.588064610958099365e-01 7.027433013916015625e+01
5.432088971138000488e-01 6.916468811035156250e+01
5.897264480590820312e-01 6.782864379882812500e+01
6.368100643157958984e-01 6.607434082031250000e+01
6.723324060440063477e-01 6.621273040771484375e+01
7.302135229110717773e-01 6.488705444335937500e+01
7.957805395126342773e-01 6.423255157470703125e+01
8.743556737899780273e-01 6.312712478637695312e+01
9.539524912834167480e-01 6.220510864257812500e+01
1.042261719703674316e+00 6.155733489990234375e+01
1.172179222106933594e+00 6.125917816162109375e+01
1.293015837669372559e+00 6.044522094726562500e+01
1.521254181861877441e+00 5.921383285522460938e+01
1.870007395744323730e+00 5.762212371826171875e+01
2.283860683441162109e+00 5.643816757202148438e+01
2.707110404968261719e+00 5.553337097167968750e+01
3.140043973922729492e+00 5.485787200927734375e+01
3.605763912200927734e+00 5.428231811523437500e+01
4.124998092651367188e+00 5.371546173095703125e+01
4.782063961029052734e+00 5.310349273681640625e+01
4.760010242462158203e+00 5.260430908203125000e+01
5.679823398590087891e+00 5.238043594360351562e+01
2.798805832862854004e-01 7.245494842529296875e+01
4.202624857425689697e-01 7.095503234863281250e+01
4.414984285831451416e-01 7.137049102783203125e+01
5.042015314102172852e-01 7.004044342041015625e+01
5.523645877838134766e-01 6.893219757080078125e+01
5.982832908630371094e-01 6.751627349853515625e+01
6.422452330589294434e-01 6.595212554931640625e+01
6.769171357154846191e-01 6.613906097412109375e+01
7.346132397651672363e-01 6.480693054199218750e+01
7.971816062927246094e-01 6.423649597167968750e+01
8.711185455322265625e-01 6.318552398681640625e+01
9.477159976959228516e-01 6.226650238037109375e+01
1.029880881309509277e+00 6.160578155517578125e+01
1.158893704414367676e+00 6.137725830078125000e+01
1.303871035575866699e+00 6.042630767822265625e+01
1.566031098365783691e+00 5.888569641113281250e+01
1.930825948715209961e+00 5.741871643066406250e+01
2.320509910583496094e+00 5.633406448364257812e+01
2.710960149765014648e+00 5.552336502075195312e+01
3.116615533828735352e+00 5.487253189086914062e+01
3.557805299758911133e+00 5.433114242553710938e+01
4.049170494079589844e+00 5.378878784179687500e+01
4.699413776397705078e+00 5.317144393920898438e+01
5.308000087738037109e+00 5.270613861083984375e+01
5.578979492187500000e+00 5.253054046630859375e+01
4.016477763652801514e-01 7.231237792968750000e+01
4.248510897159576416e-01 7.073718261718750000e+01
4.488501846790313721e-01 7.143223571777343750e+01
5.148525238037109375e-01 6.982093048095703125e+01
5.600755810737609863e-01 6.872981262207031250e+01
6.058173179626464844e-01 6.722586059570312500e+01
6.457546949386596680e-01 6.590711975097656250e+01
6.800405979156494141e-01 6.618133544921875000e+01
7.366603612899780273e-01 6.476777648925781250e+01
7.959761023521423340e-01 6.422267913818359375e+01
8.665953874588012695e-01 6.326759338378906250e+01
9.376505613327026367e-01 6.237120056152343750e+01
1.019987702369689941e+00 6.165711212158203125e+01
1.154969573020935059e+00 6.142156982421875000e+01
1.333523988723754883e+00 6.029656219482421875e+01
1.619252800941467285e+00 5.861538696289062500e+01
1.986073017120361328e+00 5.725287246704101562e+01
2.346625566482543945e+00 5.626326751708984375e+01
2.707220077514648438e+00 5.552604293823242188e+01
3.084352493286132812e+00 5.491540527343750000e+01
3.508078813552856445e+00 5.438421249389648438e+01
3.992743253707885742e+00 5.384914398193359375e+01
4.605314254760742188e+00 5.325339508056640625e+01
5.129069328308105469e+00 5.284391403198242188e+01
4.093545973300933838e-01 7.172746276855468750e+01
4.292775988578796387e-01 7.070846557617187500e+01
4.581967890262603760e-01 7.113487243652343750e+01
5.229948759078979492e-01 6.964473724365234375e+01
5.666272044181823730e-01 6.855082702636718750e+01
6.111060380935668945e-01 6.701729583740234375e+01
6.483760476112365723e-01 6.590364074707031250e+01
6.814634799957275391e-01 6.618299865722656250e+01
7.363443374633789062e-01 6.477182769775390625e+01
7.923064827919006348e-01 6.417912292480468750e+01
8.583626151084899902e-01 6.336573410034179688e+01
9.278522729873657227e-01 6.248212814331054688e+01
1.008664608001708984e+00 6.172775268554687500e+01
1.163714885711669922e+00 6.130073547363281250e+01
1.382519841194152832e+00 5.992087554931640625e+01
1.676918029785156250e+00 5.839174652099609375e+01
2.031122207641601562e+00 5.711623764038085938e+01
2.359138488769531250e+00 5.624283218383789062e+01
2.697123527526855469e+00 5.551721572875976562e+01
3.051030158996582031e+00 5.496438598632812500e+01
3.449871778488159180e+00 5.444706344604492188e+01
3.940860748291015625e+00 5.389934921264648438e+01
4.250196933746337891e+00 5.333093643188476562e+01
4.903659343719482422e+00 5.300643539428710938e+01
4.153909385204315186e-01 7.128569793701171875e+01
4.335978627204895020e-01 7.091047668457031250e+01
4.691013991832733154e-01 7.083560180664062500e+01
5.303262472152709961e-01 6.947701263427734375e+01
5.720533728599548340e-01 6.839561462402343750e+01
6.163808703422546387e-01 6.680804443359375000e+01
6.503604650497436523e-01 6.592760467529296875e+01
6.817367672920227051e-01 6.617719268798828125e+01
7.339258193969726562e-01 6.481291961669921875e+01
7.859600186347961426e-01 6.414968872070312500e+01
8.469948768615722656e-01 6.351369857788085938e+01
9.184688329696655273e-01 6.258415985107421875e+01
1.001760601997375488e+00 6.177267456054687500e+01
1.191862106323242188e+00 6.110951232910156250e+01
1.442672848701477051e+00 5.957276535034179688e+01
1.737648844718933105e+00 5.807711410522460938e+01
2.062688589096069336e+00 5.700621795654296875e+01
2.363064050674438477e+00 5.622868347167968750e+01
2.678947687149047852e+00 5.554043960571289062e+01
3.017248630523681641e+00 5.499349212646484375e+01
3.399636983871459961e+00 5.449941635131835938e+01
3.880768060684204102e+00 5.395614242553710938e+01
4.408840656280517578e+00 5.343169021606445312e+01
4.687537670135498047e+00 5.318138885498046875e+01
4.020206034183502197e-01 7.244750976562500000e+01
4.197413921356201172e-01 7.098806762695312500e+01
4.380191862583160400e-01 7.114386749267578125e+01
4.188828468322753906e-01 7.024302673339843750e+01
5.361534357070922852e-01 6.933824157714843750e+01
5.759702920913696289e-01 6.827870178222656250e+01
6.186008453369140625e-01 6.672052001953125000e+01
6.510484218597412109e-01 6.593400573730468750e+01
6.811712384223937988e-01 6.618679046630859375e+01
7.289608120918273926e-01 6.491156768798828125e+01
7.801292538642883301e-01 6.424617004394531250e+01
8.366225361824035645e-01 6.374290466308593750e+01
9.086002707481384277e-01 6.269061279296875000e+01
1.009630441665649414e+00 6.171749114990234375e+01
1.241488099098205566e+00 6.081960678100585938e+01
1.504106998443603516e+00 5.926319885253906250e+01
1.793438076972961426e+00 5.785504913330078125e+01
2.084597349166870117e+00 5.695773315429687500e+01
2.363746166229248047e+00 5.621452713012695312e+01
2.657619714736938477e+00 5.558114624023437500e+01
2.976522684097290039e+00 5.505042266845703125e+01
3.359225988388061523e+00 5.454985427856445312e+01
3.832082509994506836e+00 5.401590347290039062e+01
4.248875617980957031e+00 5.358242416381835938e+01
3.525245189666748047e+00 5.332560729980468750e+01
4.016090035438537598e-01 7.233569335937500000e+01
4.232292771339416504e-01 7.079957580566406250e+01
4.423578381538391113e-01 7.138969421386718750e+01
4.972509145736694336e-01 7.018591308593750000e+01
5.408800244331359863e-01 6.922219085693359375e+01
5.789611339569091797e-01 6.818601989746093750e+01
6.198266744613647461e-01 6.667250061035156250e+01
6.506561040878295898e-01 6.591722106933593750e+01
6.790902614593505859e-01 6.612210845947265625e+01
7.224091291427612305e-01 6.522530364990234375e+01
7.718026638031005859e-01 6.423471069335937500e+01
8.224487304687500000e-01 6.385528564453125000e+01
9.030234217643737793e-01 6.275771713256835938e+01
1.033827304840087891e+00 6.156285095214843750e+01
1.297489523887634277e+00 6.038959503173828125e+01
1.564526200294494629e+00 5.886615753173828125e+01
1.836724400520324707e+00 5.767864608764648438e+01
2.096751689910888672e+00 5.690982437133789062e+01
2.358858108520507812e+00 5.619732666015625000e+01
2.636026144027709961e+00 5.561141586303710938e+01
2.935793161392211914e+00 5.509497070312500000e+01
3.313847780227661133e+00 5.459273147583007812e+01
3.577869176864624023e+00 5.407607650756835938e+01
4.084864616394042969e+00 5.374703979492187500e+01
3.283617973327636719e+00 5.352387237548828125e+01
4.066455364227294922e-01 7.190784454345703125e+01
4.260885119438171387e-01 7.070692443847656250e+01
4.466809630393981934e-01 7.151528167724609375e+01
5.043864846229553223e-01 7.003671264648437500e+01
5.442538857460021973e-01 6.913850402832031250e+01
5.807393789291381836e-01 6.812953948974609375e+01
6.198721528053283691e-01 6.667065429687500000e+01
6.489889025688171387e-01 6.588205718994140625e+01
6.745740175247192383e-01 6.605853271484375000e+01
7.123873233795166016e-01 6.531050109863281250e+01
7.634323239326477051e-01 6.431428527832031250e+01
8.148361444473266602e-01 6.401135253906250000e+01
9.092835187911987305e-01 6.268172454833984375e+01
1.092111349105834961e+00 6.146668243408203125e+01
1.359953641891479492e+00 6.004997253417968750e+01
1.612191915512084961e+00 5.862760162353515625e+01
1.866550445556640625e+00 5.758816146850585938e+01
2.103995800018310547e+00 5.687763595581054688e+01
2.349077701568603516e+00 5.620109176635742188e+01
2.613428831100463867e+00 5.562733840942382812e+01
2.900843858718872070e+00 5.514291763305664062e+01
3.277346611022949219e+00 5.462929534912109375e+01
3.692967891693115234e+00 5.416244506835937500e+01
3.118001222610473633e+00 5.388638687133789062e+01
4.115964472293853760e-01 7.156685638427734375e+01
4.285886287689208984e-01 7.069187927246093750e+01
4.502887129783630371e-01 7.149722290039062500e+01
5.087149739265441895e-01 6.994783782958984375e+01
5.463030934333801270e-01 6.908676147460937500e+01
5.811845064163208008e-01 6.811511993408203125e+01
6.187704801559448242e-01 6.671363830566406250e+01
6.467059850692749023e-01 6.587645721435546875e+01
6.716182231903076172e-01 6.620367431640625000e+01
7.042016983032226562e-01 6.566813659667968750e+01
7.536153793334960938e-01 6.443849182128906250e+01
8.119051456451416016e-01 6.398196029663085938e+01
9.348757863044738770e-01 6.239713668823242188e+01
1.177629351615905762e+00 6.120119476318359375e+01
1.420789480209350586e+00 5.965052413940429688e+01
1.646540403366088867e+00 5.845671844482421875e+01
1.881089091300964355e+00 5.751742553710937500e+01
2.104114532470703125e+00 5.686301803588867188e+01
2.335081577301025391e+00 5.622302246093750000e+01
2.585032224655151367e+00 5.567962646484375000e+01
2.870208024978637695e+00 5.518117141723632812e+01
3.251690149307250977e+00 5.466878890991210938e+01
3.576782226562500000e+00 5.428328704833984375e+01
3.053645133972167969e+00 5.405408859252929688e+01
4.149639904499053955e-01 7.131732177734375000e+01
4.305842518806457520e-01 7.073141479492187500e+01
4.539677202701568604e-01 7.122644042968750000e+01
5.111406445503234863e-01 6.989774322509765625e+01
5.470121502876281738e-01 6.906873321533203125e+01
5.803040862083435059e-01 6.814318847656250000e+01
6.162377595901489258e-01 6.681364440917968750e+01
6.439713835716247559e-01 6.590436553955078125e+01
6.650845408439636230e-01 6.600549316406250000e+01
6.940564513206481934e-01 6.569866943359375000e+01
7.460108399391174316e-01 6.456765747070312500e+01
8.209108710289001465e-01 6.402825927734375000e+01
9.788578152656555176e-01 6.195908355712890625e+01
1.235733747482299805e+00 6.076728820800781250e+01
1.468938589096069336e+00 5.940991973876953125e+01
1.672348141670227051e+00 5.839501571655273438e+01
1.891247272491455078e+00 5.745752716064453125e+01
2.100063562393188477e+00 5.684756851196289062e+01
2.316882848739624023e+00 5.626477050781250000e+01
2.559206008911132812e+00 5.571075057983398438e+01
2.848658084869384766e+00 5.520067214965820312e+01
3.019724607467651367e+00 5.471716308593750000e+01
3.453341007232666016e+00 5.442608642578125000e+01
2.747000217437744141e+00 5.423991775512695312e+01
4.019825160503387451e-01 7.243929290771484375e+01
4.174579679965972900e-01 7.113938903808593750e+01
4.327543973922729492e-01 7.084394836425781250e+01
4.564275145530700684e-01 7.118532562255859375e+01
5.122997164726257324e-01 6.987389373779296875e+01
5.465823411941528320e-01 6.907968902587890625e+01
5.780207514762878418e-01 6.821508026123046875e+01
6.114568710327148438e-01 6.700277709960937500e+01
6.392208337783813477e-01 6.599681091308593750e+01
6.615114808082580566e-01 6.610659790039062500e+01
6.895445585250854492e-01 6.588868713378906250e+01
7.455945611000061035e-01 6.457356262207031250e+01
8.469926118850708008e-01 6.348789215087890625e+01
1.029997944831848145e+00 6.157466506958007812e+01
1.285569429397583008e+00 6.047814178466796875e+01
1.501196980476379395e+00 5.923816680908203125e+01
1.686967968940734863e+00 5.826350402832031250e+01
1.894867897033691406e+00 5.742708587646484375e+01
2.092931747436523438e+00 5.683244323730468750e+01
2.299788713455200195e+00 5.627135467529296875e+01
2.537540674209594727e+00 5.573577117919921875e+01
2.837474584579467773e+00 5.520232009887695312e+01
3.153923749923706055e+00 5.478001403808593750e+01
3.323653221130371094e+00 5.457828521728515625e+01
4.013282954692840576e-01 7.249503326416015625e+01
4.193246960639953613e-01 7.101527404785156250e+01
4.340355694293975830e-01 7.092496490478515625e+01
4.579132199287414551e-01 7.113457489013671875e+01
5.121382474899291992e-01 6.987721252441406250e+01
5.447411537170410156e-01 6.912628173828125000e+01
5.746913552284240723e-01 6.831652832031250000e+01
6.062622666358947754e-01 6.720761108398437500e+01
6.346227526664733887e-01 6.613339996337890625e+01
6.562412977218627930e-01 6.589090728759765625e+01
6.829759478569030762e-01 6.592633056640625000e+01
7.563661932945251465e-01 6.439527893066406250e+01
8.951098322868347168e-01 6.285700988769531250e+01
1.119851946830749512e+00 6.162036895751953125e+01
1.327173590660095215e+00 6.021492767333984375e+01
1.522757530212402344e+00 5.909828567504882812e+01
1.697208404541015625e+00 5.818830108642578125e+01
1.893000841140747070e+00 5.742430496215820312e+01
2.081702232360839844e+00 5.683784103393554688e+01
2.279457807540893555e+00 5.631182861328125000e+01
2.519667387008666992e+00 5.576912307739257812e+01
2.820535659790039062e+00 5.522713851928710938e+01
3.062158346176147461e+00 5.489319610595703125e+01
3.195460557937622070e+00 5.473291397094726562e+01
4.017239212989807129e-01 7.232293701171875000e+01
4.206230044364929199e-01 7.093759155273437500e+01
4.342389404773712158e-01 7.088903045654296875e+01
4.580925405025482178e-01 7.112719726562500000e+01
5.107622146606445312e-01 6.990555572509765625e+01
5.414808988571166992e-01 6.920722961425781250e+01
5.704414844512939453e-01 6.844195556640625000e+01
5.994702577590942383e-01 6.746993255615234375e+01
6.289913058280944824e-01 6.632476806640625000e+01
6.541789174079895020e-01 6.595220184326171875e+01
6.839627027511596680e-01 6.587541198730468750e+01
7.824558019638061523e-01 6.422155761718750000e+01
9.471997022628784180e-01 6.226861953735351562e+01
1.178485035896301270e+00 6.117842864990234375e+01
1.360609292984008789e+00 5.997955322265625000e+01
1.537792921066284180e+00 5.899925994873046875e+01
1.700627207756042480e+00 5.815105438232421875e+01
1.885729074478149414e+00 5.743350982666015625e+01
2.066251039505004883e+00 5.688023376464843750e+01
2.256181955337524414e+00 5.635451507568359375e+01
2.506065130233764648e+00 5.578393173217773438e+01
2.801351308822631836e+00 5.526615905761718750e+01
2.966606616973876953e+00 5.502600097656250000e+01
2.361557483673095703e+00 5.486370468139648438e+01
4.028483927249908447e-01 7.215894317626953125e+01
4.214235246181488037e-01 7.089181518554687500e+01
4.344625771045684814e-01 7.089859008789062500e+01
4.568519890308380127e-01 7.116812133789062500e+01
5.080929398536682129e-01 6.996080017089843750e+01
5.372370481491088867e-01 6.931157684326171875e+01
5.649143457412719727e-01 6.859741210937500000e+01
5.920239090919494629e-01 6.774510955810546875e+01
6.244133710861206055e-01 6.649552154541015625e+01
6.517446637153625488e-01 6.587149047851562500e+01
6.961349248886108398e-01 6.564668273925781250e+01
8.242921233177185059e-01 6.380423736572265625e+01
1.002505898475646973e+00 6.175820922851562500e+01
1.223509430885314941e+00 6.085539627075195312e+01
1.385982275009155273e+00 5.980104827880859375e+01
1.548066020011901855e+00 5.890413665771484375e+01
1.699605226516723633e+00 5.813919830322265625e+01
1.875555157661437988e+00 5.742749404907226562e+01
2.048907995223999023e+00 5.688839340209960938e+01
2.239658832550048828e+00 5.636579895019531250e+01
2.494604825973510742e+00 5.580303573608398438e+01
2.750549554824829102e+00 5.532862854003906250e+01
2.244363546371459961e+00 5.514470672607421875e+01
2.966577291488647461e+00 5.502602005004882812e+01
4.042199254035949707e-01 7.205443572998046875e+01
4.217098951339721680e-01 7.087593078613281250e+01
4.346742033958435059e-01 7.096070861816406250e+01
4.546127021312713623e-01 7.120768737792968750e+01
5.031119585037231445e-01 7.006326293945312500e+01
5.320456027984619141e-01 6.943630218505859375e+01
5.590269565582275391e-01 6.875674438476562500e+01
5.857393145561218262e-01 6.796424865722656250e+01
6.208931207656860352e-01 6.663034820556640625e+01
6.537463665008544922e-01 6.592648315429687500e+01
7.306862473487854004e-01 6.485226440429687500e+01
8.844932913780212402e-01 6.297512435913085938e+01
1.053267240524291992e+00 6.145757293701171875e+01
1.252922892570495605e+00 6.061167526245117188e+01
1.406188607215881348e+00 5.966270446777343750e+01
1.553006410598754883e+00 5.885050201416015625e+01
1.695470452308654785e+00 5.814554977416992188e+01
1.863145828247070312e+00 5.743438720703125000e+01
2.031049013137817383e+00 5.691884613037109375e+01
2.225370168685913086e+00 5.638442611694335938e+01
2.484063863754272461e+00 5.580037689208984375e+01
2.680061817169189453e+00 5.545563888549804688e+01
2.277344465255737305e+00 5.527263641357421875e+01
4.049084484577178955e-01 7.201219177246093750e+01
4.215276539325714111e-01 7.088699340820312500e+01
4.339173138141632080e-01 7.090565490722656250e+01
4.507664740085601807e-01 7.148683166503906250e+01
4.951369166374206543e-01 7.023147583007812500e+01
5.259289145469665527e-01 6.957821655273437500e+01
5.529879927635192871e-01 6.891548156738281250e+01
5.812559127807617188e-01 6.811196136474609375e+01
6.200278997421264648e-01 6.666410064697265625e+01
6.642634272575378418e-01 6.618002319335937500e+01
7.740446329116821289e-01 6.419372558593750000e+01
9.352029561996459961e-01 6.239144134521484375e+01
1.125317335128784180e+00 6.151124954223632812e+01
1.274263501167297363e+00 6.048350906372070312e+01
1.417511582374572754e+00 5.958434295654296875e+01
1.554272294044494629e+00 5.882454299926757812e+01
1.687833547592163086e+00 5.814459228515625000e+01
1.847030043601989746e+00 5.748810958862304688e+01
2.013263702392578125e+00 5.695094299316406250e+01
2.214490652084350586e+00 5.640818023681640625e+01
2.460440874099731445e+00 5.584918975830078125e+01
2.116183519363403320e+00 5.557006835937500000e+01
2.216852664947509766e+00 5.541467285156250000e+01
4.047461450099945068e-01 7.202171325683593750e+01
4.208248853683471680e-01 7.092738342285156250e+01
4.323034882545471191e-01 7.079211425781250000e+01
4.472571015357971191e-01 7.147618103027343750e+01
4.920397996902465820e-01 7.018129730224609375e+01
5.198489427566528320e-01 6.971402740478515625e+01
5.475202798843383789e-01 6.905603790283203125e+01
5.787932276725769043e-01 6.819052124023437500e+01
6.264277696609497070e-01 6.641955566406250000e+01
6.860833168029785156e-01 6.584474182128906250e+01
8.211046457290649414e-01 6.402816772460937500e+01
9.797320961952209473e-01 6.194883346557617188e+01
1.157467246055603027e+00 6.125151062011718750e+01
1.290660262107849121e+00 6.034477996826171875e+01
1.423825621604919434e+00 5.949633789062500000e+01
1.552344560623168945e+00 5.881690979003906250e+01
1.678002595901489258e+00 5.814158248901367188e+01
1.830876708030700684e+00 5.749354553222656250e+01
1.998567700386047363e+00 5.696295547485351562e+01
2.207345485687255859e+00 5.642295455932617188e+01
2.406275987625122070e+00 5.596176528930664062e+01
2.144636392593383789e+00 5.571834945678710938e+01
4.037159383296966553e-01 7.208952331542968750e+01
4.197263121604919434e-01 7.099177551269531250e+01
4.303956627845764160e-01 7.070915985107421875e+01
4.437138736248016357e-01 7.131724548339843750e+01
4.610862135887145996e-01 7.069450378417968750e+01
5.145211815834045410e-01 6.982791137695312500e+01
5.436919927597045898e-01 6.915223693847656250e+01
5.808340907096862793e-01 6.812541198730468750e+01
6.420235633850097656e-01 6.592144775390625000e+01
7.326960563659667969e-01 6.480712890625000000e+01
8.728943467140197754e-01 6.312377929687500000e+01
1.013919234275817871e+00 6.167205810546875000e+01
1.182848930358886719e+00 6.102215194702148438e+01
1.302162408828735352e+00 6.025633239746093750e+01
1.426974058151245117e+00 5.943589019775390625e+01
1.547980308532714844e+00 5.879353713989257812e+01
1.666797399520874023e+00 5.818311309814453125e+01
1.814812421798706055e+00 5.753645324707031250e+01
1.990624666213989258e+00 5.695392227172851562e+01
2.196220636367797852e+00 5.642726898193359375e+01
2.346304178237915039e+00 5.610190963745117188e+01
2.081554412841796875e+00 5.588483428955078125e+01
4.023511707782745361e-01 7.222010803222656250e+01
4.180232286453247070e-01 7.110327911376953125e+01
4.283494353294372559e-01 7.067478179931640625e+01
4.400889575481414795e-01 7.116288757324218750e+01
4.621350467205047607e-01 7.100324249267578125e+01
5.100834369659423828e-01 6.991982269287109375e+01
5.428573489189147949e-01 6.917298126220703125e+01
5.928490161895751953e-01 6.771481323242187500e+01
6.644060611724853516e-01 6.617339324951171875e+01
7.779656052589416504e-01 6.418259429931640625e+01
9.169065952301025391e-01 6.259584808349609375e+01
1.036518454551696777e+00 6.150619125366210938e+01
1.200597524642944336e+00 6.085834121704101562e+01
1.308630943298339844e+00 6.018611907958984375e+01
1.427457809448242188e+00 5.940466308593750000e+01
1.541378498077392578e+00 5.876887893676757812e+01
1.654786944389343262e+00 5.818754196166992188e+01
1.797574996948242188e+00 5.757261276245117188e+01
1.986416935920715332e+00 5.695220565795898438e+01
2.181189775466918945e+00 5.645902252197265625e+01
1.809403538703918457e+00 5.622391891479492188e+01
4.008038938045501709e-01 7.243598175048828125e+01
4.158446788787841797e-01 7.125556182861328125e+01
4.261841773986816406e-01 7.070215606689453125e+01
4.369917809963226318e-01 7.105326843261718750e+01
4.560976326465606689e-01 7.117160034179687500e+01
5.078812241554260254e-01 6.996528625488281250e+01
5.498809814453125000e-01 6.899521636962890625e+01
6.219766139984130859e-01 6.658825683593750000e+01
6.942021250724792480e-01 6.565399932861328125e+01
8.183068037033081055e-01 6.398939514160156250e+01
9.480205774307250977e-01 6.225820922851562500e+01
1.062964320182800293e+00 6.139533233642578125e+01
1.211551070213317871e+00 6.077566528320312500e+01
1.312478899955749512e+00 6.012024688720703125e+01
1.424816966056823730e+00 5.940309906005859375e+01
1.532597899436950684e+00 5.877691650390625000e+01
1.642282962799072266e+00 5.821198272705078125e+01
1.786430239677429199e+00 5.758642196655273438e+01
1.981325864791870117e+00 5.697820281982421875e+01
2.136423826217651367e+00 5.657281112670898438e+01
1.792372822761535645e+00 5.636701202392578125e+01
4.024267494678497314e-01 7.238080596923828125e+01
4.131031036376953125e-01 7.145637512207031250e+01
4.240045249462127686e-01 7.077140045166015625e+01
4.348337054252624512e-01 7.095626831054687500e+01
4.523555636405944824e-01 7.124592590332031250e+01
5.094256401062011719e-01 6.993370056152343750e+01
5.685203075408935547e-01 6.849586486816406250e+01
6.512922644615173340e-01 6.583093261718750000e+01
7.460178732872009277e-01 6.455935668945312500e+01
8.590879440307617188e-01 6.331344604492187500e+01
9.734457135200500488e-01 6.200317764282226562e+01
1.089732766151428223e+00 6.132640838623046875e+01
1.218579769134521484e+00 6.066361999511718750e+01
1.313486099243164062e+00 6.008106994628906250e+01
1.419263243675231934e+00 5.939559936523437500e+01
1.523747086524963379e+00 5.881375122070312500e+01
1.629304289817810059e+00 5.825000000000000000e+01
1.778516769409179688e+00 5.757365798950195312e+01
1.966422677040100098e+00 5.701596832275390625e+01
2.083513021469116211e+00 5.670962142944335938e+01
1.729443192481994629e+00 5.651369094848632812e+01
4.018558859825134277e-01 7.244687652587890625e+01
4.097823500633239746e-01 7.169780731201171875e+01
4.218735694885253906e-01 7.087135314941406250e+01
4.326787292957305908e-01 7.079277038574218750e+01
4.517489671707153320e-01 7.126577758789062500e+01
5.199083089828491211e-01 6.971278381347656250e+01
5.989794731140136719e-01 6.748776245117187500e+01
6.785665154457092285e-01 6.591683959960937500e+01
7.841532826423645020e-01 6.420332336425781250e+01
8.927309513092041016e-01 6.287939453125000000e+01
9.932082891464233398e-01 6.182530212402343750e+01
1.121979117393493652e+00 6.143753051757812500e+01
1.222636222839355469e+00 6.058026885986328125e+01
1.311613559722900391e+00 6.006434631347656250e+01
1.412422299385070801e+00 5.935785293579101562e+01
1.514680743217468262e+00 5.877524566650390625e+01
1.620786309242248535e+00 5.823062133789062500e+01
1.777239203453063965e+00 5.757333755493164062e+01
1.806596755981445312e+00 5.706995391845703125e+01
2.025322198867797852e+00 5.685918426513671875e+01
1.584631204605102539e+00 5.667416381835937500e+01
4.058284163475036621e-01 7.195730590820312500e+01
4.200579524040222168e-01 7.097367858886718750e+01
4.318500757217407227e-01 7.074456787109375000e+01
4.573446214199066162e-01 7.113755798339843750e+01
5.442082881927490234e-01 6.913938140869140625e+01
6.348378658294677734e-01 6.612306213378906250e+01
7.102981209754943848e-01 6.528517150878906250e+01
8.113220334053039551e-01 6.391860961914062500e+01
9.158540964126586914e-01 6.260436248779296875e+01
1.005617856979370117e+00 6.172128295898437500e+01
1.129032135009765625e+00 6.130530548095703125e+01
1.224022388458251953e+00 6.051305770874023438e+01
1.307750463485717773e+00 6.003872680664062500e+01
1.403815865516662598e+00 5.938878631591796875e+01
1.505763411521911621e+00 5.880227279663085938e+01
1.616137146949768066e+00 5.821689605712890625e+01
1.779565572738647461e+00 5.756563186645507812e+01
1.891710400581359863e+00 5.720514297485351562e+01
1.963788628578186035e+00 5.701726531982421875e+01
4.025677442550659180e-01 7.219976806640625000e+01
4.187646508216857910e-01 7.105656433105468750e+01
4.328261315822601318e-01 7.079546356201171875e+01
4.941497743129730225e-01 7.010962677001953125e+01
5.777177810668945312e-01 6.822344970703125000e+01
6.584982275962829590e-01 6.587551116943359375e+01
7.466010451316833496e-01 6.454578399658203125e+01
8.357083797454833984e-01 6.365068054199218750e+01
9.317793846130371094e-01 6.242742156982421875e+01
1.013979911804199219e+00 6.165579223632812500e+01
1.132917046546936035e+00 6.120305633544921875e+01
1.222920298576354980e+00 6.047122573852539062e+01
1.303102970123291016e+00 5.998749160766601562e+01
1.392784714698791504e+00 5.941794204711914062e+01
1.495984077453613281e+00 5.879502105712890625e+01
1.617092013359069824e+00 5.816504669189453125e+01
1.757924795150756836e+00 5.765847396850585938e+01
1.837478995323181152e+00 5.737149810791015625e+01
1.900048732757568359e+00 5.718572235107421875e+01
4.006382226943969727e-01 7.238275909423828125e+01
4.189136028289794922e-01 7.104732513427734375e+01
4.391627013683319092e-01 7.121720886230468750e+01
5.275657176971435547e-01 6.954067993164062500e+01
6.158116459846496582e-01 6.683009338378906250e+01
6.804780364036560059e-01 6.604037475585937500e+01
7.719756364822387695e-01 6.417939758300781250e+01
8.580984473228454590e-01 6.330742263793945312e+01
9.444202780723571777e-01 6.229209899902343750e+01
1.019566297531127930e+00 6.160530853271484375e+01
1.134518742561340332e+00 6.114539337158203125e+01
1.220466852188110352e+00 6.047856903076171875e+01
1.296337604522705078e+00 5.994774246215820312e+01
1.383742809295654297e+00 5.942660522460937500e+01
1.490163683891296387e+00 5.879466247558593750e+01
1.615848898887634277e+00 5.816402435302734375e+01
1.400843620300292969e+00 5.776116180419921875e+01
1.678730487823486328e+00 5.755280303955078125e+01
1.838969588279724121e+00 5.736701583862304688e+01
4.009703695774078369e-01 7.241750335693359375e+01
4.225354790687561035e-01 7.083795928955078125e+01
4.626351594924926758e-01 7.099170684814453125e+01
5.667462944984436035e-01 6.854576873779296875e+01
6.448338627815246582e-01 6.586099243164062500e+01
7.064808607101440430e-01 6.556240844726562500e+01
7.907796502113342285e-01 6.404851531982421875e+01
8.746085166931152344e-01 6.309543991088867188e+01
9.542747139930725098e-01 6.219125366210937500e+01
1.022898912429809570e+00 6.156866455078125000e+01
1.134892106056213379e+00 6.108919143676757812e+01
1.216780185699462891e+00 6.047380447387695312e+01
1.290324330329895020e+00 5.999063873291015625e+01
1.375195145606994629e+00 5.942809295654296875e+01
1.488116502761840820e+00 5.873911285400390625e+01
1.609230160713195801e+00 5.818446350097656250e+01
1.364055395126342773e+00 5.789107131958007812e+01
1.561262011528015137e+00 5.772777557373046875e+01
4.029287099838256836e-01 7.216088104248046875e+01
4.315147995948791504e-01 7.072483825683593750e+01
5.229614973068237305e-01 6.964578247070312500e+01
6.070796847343444824e-01 6.717482757568359375e+01
6.652246117591857910e-01 6.612326049804687500e+01
7.350608706474304199e-01 6.475241088867187500e+01
8.054374456405639648e-01 6.394794082641601562e+01
8.879257440567016602e-01 6.292383575439453125e+01
9.607341289520263672e-01 6.212356567382812500e+01
1.024064898490905762e+00 6.154942321777343750e+01
1.133680462837219238e+00 6.104745483398437500e+01
1.211832761764526367e+00 6.042263793945312500e+01
1.283845782279968262e+00 5.995108032226562500e+01
1.368164539337158203e+00 5.946537017822265625e+01
1.489116311073303223e+00 5.873331451416015625e+01
1.598688244819641113e+00 5.820461654663085938e+01
1.327562451362609863e+00 5.801221847534179688e+01
1.449927687644958496e+00 5.787754821777343750e+01
4.129248559474945068e-01 7.146991729736328125e+01
4.531999230384826660e-01 7.122451019287109375e+01
5.635021924972534180e-01 6.863616943359375000e+01
6.370385289192199707e-01 6.605222320556640625e+01
6.828351020812988281e-01 6.601427459716796875e+01
7.553926706314086914e-01 6.438558959960937500e+01
8.195254802703857422e-01 6.392871856689453125e+01
8.965459465980529785e-01 6.282889938354492188e+01
9.648805260658264160e-01 6.208016967773437500e+01
1.023658156394958496e+00 6.154469299316406250e+01
1.130239248275756836e+00 6.107490158081054688e+01
1.205994844436645508e+00 6.036909484863281250e+01
1.277748346328735352e+00 5.993253326416015625e+01
1.366580605506896973e+00 5.943280792236328125e+01
1.489015936851501465e+00 5.873575592041015625e+01
1.577025413513183594e+00 5.831752014160156250e+01
1.304445147514343262e+00 5.812929534912109375e+01
4.251540303230285645e-01 7.072863769531250000e+01
5.129107832908630371e-01 6.986127471923828125e+01
5.946359634399414062e-01 6.764918518066406250e+01
6.539462208747863770e-01 6.585533142089843750e+01
7.000015377998352051e-01 6.550590515136718750e+01
7.696834206581115723e-01 6.418968200683593750e+01
8.286883234977722168e-01 6.367144775390625000e+01
9.019110202789306641e-01 6.276426696777343750e+01
9.665222764015197754e-01 6.206346130371093750e+01
1.022134304046630859e+00 6.155224609375000000e+01
1.125261306762695312e+00 6.104513549804687500e+01
1.199751496315002441e+00 6.039403152465820312e+01
1.273107886314392090e+00 5.989245223999023438e+01
1.371658802032470703e+00 5.941312408447265625e+01
1.470404028892517090e+00 5.885846710205078125e+01
1.545944452285766602e+00 5.846524047851562500e+01
1.272064924240112305e+00 5.823841094970703125e+01
4.023406505584716797e-01 7.224067687988281250e+01
4.434738755226135254e-01 7.134184265136718750e+01
5.471509099006652832e-01 6.906585693359375000e+01
6.215229630470275879e-01 6.660586547851562500e+01
6.652898788452148438e-01 6.600051879882812500e+01
7.181590795516967773e-01 6.511410522460937500e+01
7.791724801063537598e-01 6.412541198730468750e+01
8.365348577499389648e-01 6.359589385986328125e+01
9.046971201896667480e-01 6.272898864746093750e+01
9.663788080215454102e-01 6.206441497802734375e+01
1.019664645195007324e+00 6.157128906250000000e+01
1.108351588249206543e+00 6.110167312622070312e+01
1.194397449493408203e+00 6.033285903930664062e+01
1.275820970535278320e+00 5.981614685058593750e+01
1.367229342460632324e+00 5.941236114501953125e+01
1.437040448188781738e+00 5.905306625366210938e+01
1.503409147262573242e+00 5.866969299316406250e+01
1.213366627693176270e+00 5.838676071166992188e+01
4.239559173583984375e-01 7.077488708496093750e+01
5.020599961280822754e-01 7.008542633056640625e+01
5.761944651603698730e-01 6.826975250244140625e+01
6.387138962745666504e-01 6.599919128417968750e+01
6.760581731796264648e-01 6.584751892089843750e+01
7.327001690864562988e-01 6.479206848144531250e+01
7.866898775100708008e-01 6.413144683837890625e+01
8.412579894065856934e-01 6.356984710693359375e+01
9.062608480453491211e-01 6.270861053466796875e+01
9.650675654411315918e-01 6.207687377929687500e+01
1.016483426094055176e+00 6.159798812866210938e+01
1.057585597038269043e+00 6.113330841064453125e+01
1.190710902214050293e+00 6.031750869750976562e+01
1.284516811370849609e+00 5.974722671508789062e+01
1.347215294837951660e+00 5.951889801025390625e+01
1.392584323883056641e+00 5.927783203125000000e+01
1.264964222908020020e+00 5.893817901611328125e+01
1.508026242256164551e+00 5.865595626831054688e+01
4.021137356758117676e-01 7.227844238281250000e+01
4.441372752189636230e-01 7.127333831787109375e+01
5.392889976501464844e-01 6.926129150390625000e+01
6.025154590606689453e-01 6.735222625732421875e+01
6.505262255668640137e-01 6.577954101562500000e+01
6.855251193046569824e-01 6.572824096679687500e+01
7.427967190742492676e-01 6.461336517333984375e+01
7.924540042877197266e-01 6.399850845336914062e+01
8.447738885879516602e-01 6.351105499267578125e+01
9.068837165832519531e-01 6.270029449462890625e+01
9.628903865814208984e-01 6.209917068481445312e+01
1.013068437576293945e+00 6.162535476684570312e+01
1.032903671264648438e+00 6.116780090332031250e+01
1.189082264900207520e+00 6.023967742919921875e+01
1.286928653717041016e+00 5.973779678344726562e+01
1.325018048286437988e+00 5.961293411254882812e+01
1.114887833595275879e+00 5.947563934326171875e+01
1.395072102546691895e+00 5.926765823364257812e+01
4.249906241893768311e-01 7.073513031005859375e+01
5.012616515159606934e-01 7.010205078125000000e+01
5.663177371025085449e-01 6.855776214599609375e+01
6.236824989318847656e-01 6.652247619628906250e+01
6.591075062751770020e-01 6.582412719726562500e+01
6.947444677352905273e-01 6.561274719238281250e+01
7.509266138076782227e-01 6.445056152343750000e+01
7.960465550422668457e-01 6.398573303222656250e+01
8.470075130462646484e-01 6.344791793823242188e+01
9.063733816146850586e-01 6.270607757568359375e+01
9.601234197616577148e-01 6.212670898437500000e+01
1.008863210678100586e+00 6.166231155395507812e+01
1.023205637931823730e+00 6.120173645019531250e+01
1.191106319427490234e+00 6.019535446166992188e+01
1.276010513305664062e+00 5.980033874511718750e+01
1.103427052497863770e+00 5.966643524169921875e+01
1.071023106575012207e+00 5.959252166748046875e+01
4.011163711547851562e-01 7.242488098144531250e+01
4.420253038406372070e-01 7.125672149658203125e+01
5.308756232261657715e-01 6.946357727050781250e+01
5.866669416427612305e-01 6.793141937255859375e+01
6.362240910530090332e-01 6.607560729980468750e+01
6.657357811927795410e-01 6.586828613281250000e+01
7.034503817558288574e-01 6.542168426513671875e+01
7.561067342758178711e-01 6.435987091064453125e+01
7.984046339988708496e-01 6.397767639160156250e+01
8.472576141357421875e-01 6.343681335449218750e+01
9.046186208724975586e-01 6.272552108764648438e+01
9.570279121398925781e-01 6.215676116943359375e+01
1.004647731781005859e+00 6.169747161865234375e+01
1.019119739532470703e+00 6.121833038330078125e+01
1.195402503013610840e+00 6.015828704833984375e+01
1.031368613243103027e+00 5.983588409423828125e+01
1.179745912551879883e+00 5.973263549804687500e+01
1.157702684402465820e+00 5.965754699707031250e+01
4.211232364177703857e-01 7.091412353515625000e+01
4.603836536407470703e-01 7.032341766357421875e+01
5.525203943252563477e-01 6.892705535888671875e+01
6.043511033058166504e-01 6.728088378906250000e+01
6.445778608322143555e-01 6.584859466552734375e+01
6.719926595687866211e-01 6.602529907226562500e+01
7.098258137702941895e-01 6.528300476074218750e+01
7.591696977615356445e-01 6.431312561035156250e+01
7.993875145912170410e-01 6.396344757080078125e+01
8.453312516212463379e-01 6.345834732055664062e+01
9.015046358108520508e-01 6.275833892822265625e+01
9.530336260795593262e-01 6.219739532470703125e+01
1.002013921737670898e+00 6.171873092651367188e+01
1.005352020263671875e+00 6.118733215332031250e+01
1.076354980468750000e+00 6.016772460937500000e+01
1.055841684341430664e+00 5.988668441772460938e+01
1.229131221771240234e+00 5.980771636962890625e+01
1.249727487564086914e+00 5.972631072998046875e+01
4.018365442752838135e-01 7.241365051269531250e+01
4.351970553398132324e-01 7.095652770996093750e+01
5.150258541107177734e-01 6.981747436523437500e+01
5.694030523300170898e-01 6.847015380859375000e+01
6.183460354804992676e-01 6.673027801513671875e+01
6.508787870407104492e-01 6.575666809082031250e+01
6.768114566802978516e-01 6.576850128173828125e+01
7.151217460632324219e-01 6.514447784423828125e+01
7.610710859298706055e-01 6.428484344482421875e+01
7.993810176849365234e-01 6.394343566894531250e+01
8.422731161117553711e-01 6.346990203857421875e+01
8.970254063606262207e-01 6.280902862548828125e+01
9.490966200828552246e-01 6.223683929443359375e+01
1.002650260925292969e+00 6.170692443847656250e+01
9.601051807403564453e-01 6.105652618408203125e+01
1.154486656188964844e+00 6.031308746337890625e+01
9.637827873229980469e-01 6.004099273681640625e+01
1.211488962173461914e+00 5.987274169921875000e+01
4.204861223697662354e-01 7.095100402832031250e+01
4.553117752075195312e-01 7.117427825927734375e+01
5.348998308181762695e-01 6.936779022216796875e+01
5.833806991577148438e-01 6.804161834716796875e+01
6.279714703559875488e-01 6.636154937744140625e+01
6.558732986450195312e-01 6.583595275878906250e+01
6.795076727867126465e-01 6.586101531982421875e+01
7.191035747528076172e-01 6.505773925781250000e+01
7.621182203292846680e-01 6.426684570312500000e+01
7.986621856689453125e-01 6.392121124267578125e+01
8.396729230880737305e-01 6.349182891845703125e+01
8.927338123321533203e-01 6.285602569580078125e+01
9.452798962593078613e-01 6.227499771118164062e+01
1.005697607994079590e+00 6.166928100585937500e+01
9.926438331604003906e-01 6.118494415283203125e+01
9.248653650283813477e-01 6.056729125976562500e+01
1.178882598876953125e+00 6.029172134399414062e+01
4.105875790119171143e-01 7.164111328125000000e+01
4.362767934799194336e-01 7.094555664062500000e+01
5.026093721389770508e-01 7.007414245605468750e+01
5.527706742286682129e-01 6.892054748535156250e+01
5.957255363464355469e-01 6.760828399658203125e+01
6.348829865455627441e-01 6.611686706542968750e+01
6.587290167808532715e-01 6.576205444335937500e+01
6.824381947517395020e-01 6.580781555175781250e+01
7.211202383041381836e-01 6.501475524902343750e+01
7.624658942222595215e-01 6.425727844238281250e+01
7.972718477249145508e-01 6.390551376342773438e+01
8.370613455772399902e-01 6.351567840576171875e+01
8.880881071090698242e-01 6.290600585937500000e+01
9.449945688247680664e-01 6.227656555175781250e+01
1.008627295494079590e+00 6.163124465942382812e+01
1.014328718185424805e+00 6.135919189453125000e+01
9.736970663070678711e-01 6.111145019531250000e+01
9.748921394348144531e-01 6.054329681396484375e+01
4.267749488353729248e-01 7.068763732910156250e+01
4.571420848369598389e-01 7.113010406494140625e+01
5.246764421463012695e-01 6.960727691650390625e+01
5.666493177413940430e-01 6.854827117919921875e+01
6.069496273994445801e-01 6.717948913574218750e+01
6.397419571876525879e-01 6.596261596679687500e+01
6.616390943527221680e-01 6.580994415283203125e+01
6.845421195030212402e-01 6.563072204589843750e+01
7.221850752830505371e-01 6.498835754394531250e+01
7.618773579597473145e-01 6.426337432861328125e+01
7.951297760009765625e-01 6.390598297119140625e+01
8.332331776618957520e-01 6.355448150634765625e+01
8.836053609848022461e-01 6.295516204833984375e+01
9.501916766166687012e-01 6.222254562377929688e+01
1.006716609001159668e+00 6.165052032470703125e+01
1.016472101211547852e+00 6.148652648925781250e+01
1.014016270637512207e+00 6.135466003417968750e+01
9.547877311706542969e-01 6.105358505249023438e+01
4.109229147434234619e-01 7.161725616455078125e+01
4.372120201587677002e-01 7.100903320312500000e+01
4.952040314674377441e-01 7.023492431640625000e+01
5.403851270675659180e-01 6.923432159423828125e+01
5.773290395736694336e-01 6.823435211181640625e+01
6.154586672782897949e-01 6.684376525878906250e+01
6.434245109558105469e-01 6.586000823974609375e+01
6.635012030601501465e-01 6.591262817382812500e+01
6.861316561698913574e-01 6.559386444091796875e+01
7.224029898643493652e-01 6.498091888427734375e+01
7.604346275329589844e-01 6.428195190429687500e+01
7.926936149597167969e-01 6.391439819335937500e+01
8.293812870979309082e-01 6.359249877929687500e+01
8.830287456512451172e-01 6.296231079101562500e+01
9.266587495803833008e-01 6.212228393554687500e+01
9.977795481681823730e-01 6.174970245361328125e+01
1.009908318519592285e+00 6.161203384399414062e+01
1.016625642776489258e+00 6.147731018066406250e+01
4.231123030185699463e-01 7.081231689453125000e+01
4.484965205192565918e-01 7.131394958496093750e+01
5.149208903312683105e-01 6.981959533691406250e+01
5.522694587707519531e-01 6.893344879150390625e+01
5.858716964721679688e-01 6.795774841308593750e+01
6.215946078300476074e-01 6.660331726074218750e+01
6.459034085273742676e-01 6.580491638183593750e+01
6.644565463066101074e-01 6.595757293701171875e+01
6.869503259658813477e-01 6.556147766113281250e+01
7.218279838562011719e-01 6.498937988281250000e+01
7.584987282752990723e-01 6.430813598632812500e+01
7.885308861732482910e-01 6.396240997314453125e+01
8.231093287467956543e-01 6.361770629882812500e+01
8.916161656379699707e-01 6.286042404174804688e+01
8.667631745338439941e-01 6.209355926513671875e+01
9.843162894248962402e-01 6.188247680664062500e+01
9.991383552551269531e-01 6.173500442504882812e+01
1.011048197746276855e+00 6.159692382812500000e+01
4.024723470211029053e-01 7.222738647460937500e+01
4.316694438457489014e-01 7.071698760986328125e+01
4.680634737014770508e-01 7.084912872314453125e+01
5.262984037399291992e-01 6.956973266601562500e+01
5.615204572677612305e-01 6.868924713134765625e+01
5.931728482246398926e-01 6.770156097412109375e+01
6.261628270149230957e-01 6.642829132080078125e+01
6.479710936546325684e-01 6.576074218750000000e+01
6.652061343193054199e-01 6.588099670410156250e+01
6.869067549705505371e-01 6.554098510742187500e+01
7.205969095230102539e-01 6.500663757324218750e+01
7.565357685089111328e-01 6.433668518066406250e+01
7.855654954910278320e-01 6.394536972045898438e+01
8.232393264770507812e-01 6.361610794067382812e+01
8.338032364845275879e-01 6.272368621826171875e+01
9.481425881385803223e-01 6.224309158325195312e+01
9.289035797119140625e-01 6.202673721313476562e+01
9.856520295143127441e-01 6.186981964111328125e+01
4.185041785240173340e-01 7.107477569580078125e+01
4.402684867382049561e-01 7.110359954833984375e+01
4.965088069438934326e-01 7.020259857177734375e+01
5.362830758094787598e-01 6.933432006835937500e+01
5.682858824729919434e-01 6.850170135498046875e+01
5.992193222045898438e-01 6.747749328613281250e+01
6.292361617088317871e-01 6.631452941894531250e+01
6.496011614799499512e-01 6.572561645507812500e+01
6.656560301780700684e-01 6.578089904785156250e+01
6.862444877624511719e-01 6.552999877929687500e+01
7.188254594802856445e-01 6.503324890136718750e+01
7.542581558227539062e-01 6.437316131591796875e+01
7.830808758735656738e-01 6.395195770263671875e+01
8.327023386955261230e-01 6.351999664306640625e+01
8.960869312286376953e-01 6.280941009521484375e+01
9.265849590301513672e-01 6.247257232666015625e+01
9.502482414245605469e-01 6.222147369384765625e+01
4.033579528331756592e-01 7.212394714355468750e+01
4.278252422809600830e-01 7.066967773437500000e+01
4.490145742893218994e-01 7.132492065429687500e+01
5.112507939338684082e-01 6.989605712890625000e+01
5.441979765892028809e-01 6.913948059082031250e+01
5.741512775421142578e-01 6.833110046386718750e+01
6.039176583290100098e-01 6.729711914062500000e+01
6.317794919013977051e-01 6.622200775146484375e+01
6.507041454315185547e-01 6.569952392578125000e+01
6.658113598823547363e-01 6.573004150390625000e+01
6.854873299598693848e-01 6.551781463623046875e+01
7.170926928520202637e-01 6.505475616455078125e+01
7.510125041007995605e-01 6.443342590332031250e+01
7.845873832702636719e-01 6.391212081909179688e+01
8.051832318305969238e-01 6.335847473144531250e+01
8.228619098663330078e-01 6.300945663452148438e+01
8.137189745903015137e-01 6.271130752563476562e+01
8.117780089378356934e-01 6.241072082519531250e+01
4.184593856334686279e-01 7.107796478271484375e+01
4.356047511100769043e-01 7.092694854736328125e+01
3.950569927692413330e-01 7.093288421630859375e+01
5.195457339286804199e-01 6.972039794921875000e+01
5.501585602760314941e-01 6.898786926269531250e+01
5.780213475227355957e-01 6.821244812011718750e+01
6.075072884559631348e-01 6.715739440917968750e+01
6.336020231246948242e-01 6.615746307373046875e+01
6.513609290122985840e-01 6.567986297607421875e+01
6.652856469154357910e-01 6.574432373046875000e+01
6.843146085739135742e-01 6.552171325683593750e+01
7.150235176086425781e-01 6.509054565429687500e+01
7.498237490653991699e-01 6.445422363281250000e+01
7.878429889678955078e-01 6.388754653930664062e+01
8.408932089805603027e-01 6.340335845947265625e+01
8.587198853492736816e-01 6.323128890991210938e+01
8.436359167098999023e-01 6.298426818847656250e+01
8.505663275718688965e-01 6.266921997070312500e+01
4.066531062126159668e-01 7.190595245361328125e+01
4.263153970241546631e-01 7.069591522216796875e+01
4.425846636295318604e-01 7.125343322753906250e+01
4.928741157054901123e-01 7.006551361083984375e+01
5.263380408287048340e-01 6.956948852539062500e+01
5.554425716400146484e-01 6.885103607177734375e+01
5.814506411552429199e-01 6.810362243652343750e+01
6.098949909210205078e-01 6.706341552734375000e+01
6.346130371093750000e-01 6.612252807617187500e+01
6.515530943870544434e-01 6.566596221923828125e+01
6.641762852668762207e-01 6.577158355712890625e+01
6.806918382644653320e-01 6.554267883300781250e+01
7.105720639228820801e-01 6.513688659667968750e+01
7.526636719703674316e-01 6.439992523193359375e+01
7.904911041259765625e-01 6.385167694091796875e+01
7.776507735252380371e-01 6.355974960327148438e+01
8.416732549667358398e-01 6.339416122436523438e+01
8.616164922714233398e-01 6.319536590576171875e+01
4.167352318763732910e-01 7.119565582275390625e+01
4.318573474884033203e-01 7.071108245849609375e+01
4.490807354450225830e-01 7.131217956542968750e+01
5.021305084228515625e-01 7.008426666259765625e+01
5.323201417922973633e-01 6.942948913574218750e+01
5.586400628089904785e-01 6.876640319824218750e+01
5.837789773941040039e-01 6.802754974365234375e+01
6.115916967391967773e-01 6.699647521972656250e+01
6.351177692413330078e-01 6.610502624511718750e+01
6.513792872428894043e-01 6.565768432617187500e+01
6.629800200462341309e-01 6.573893737792968750e+01
6.786333918571472168e-01 6.553048706054687500e+01
7.091448307037353516e-01 6.515254211425781250e+01
7.517422437667846680e-01 6.441455841064453125e+01
7.861402630805969238e-01 6.381880950927734375e+01
8.121674656867980957e-01 6.365370941162109375e+01
7.892125844955444336e-01 6.354557800292968750e+01
8.446013927459716797e-01 6.335927963256835938e+01
4.010586738586425781e-01 7.234629821777343750e+01
4.227582514286041260e-01 7.083182525634765625e+01
4.364012777805328369e-01 7.092217254638671875e+01
4.598014056682586670e-01 7.105126953125000000e+01
5.102803707122802734e-01 6.991677093505859375e+01
5.360188484191894531e-01 6.934056854248046875e+01
5.615024566650390625e-01 6.868933868408203125e+01
5.853286385536193848e-01 6.797535705566406250e+01
6.125567555427551270e-01 6.695837402343750000e+01
6.352208256721496582e-01 6.610111999511718750e+01
6.511968374252319336e-01 6.565010833740234375e+01
6.624300479888916016e-01 6.566728210449218750e+01
6.788444519042968750e-01 6.537525939941406250e+01
7.157950997352600098e-01 6.505353546142578125e+01
7.575400471687316895e-01 6.430815887451171875e+01
7.836018800735473633e-01 6.386885452270507812e+01
7.995632886886596680e-01 6.368655395507812500e+01
8.146659731864929199e-01 6.362547302246093750e+01
4.107739031314849854e-01 7.162820434570312500e+01
4.270865917205810547e-01 7.067996215820312500e+01
4.409587979316711426e-01 7.111708068847656250e+01
4.679845273494720459e-01 7.081804656982421875e+01
5.148420333862304688e-01 6.982106018066406250e+01
5.285542607307434082e-01 6.923817443847656250e+01
5.640588402748107910e-01 6.862016296386718750e+01
5.864301323890686035e-01 6.793778228759765625e+01
6.127806305885314941e-01 6.694953918457031250e+01
6.350383758544921875e-01 6.610688781738281250e+01
6.509733200073242188e-01 6.564383697509765625e+01
6.626870036125183105e-01 6.557312011718750000e+01
6.804432868957519531e-01 6.544350433349609375e+01
7.270231842994689941e-01 6.484502410888671875e+01
7.604342103004455566e-01 6.425543212890625000e+01
7.807366251945495605e-01 6.391291046142578125e+01
7.901109457015991211e-01 6.378100204467773438e+01
4.167923331260681152e-01 7.119206237792968750e+01
4.305569827556610107e-01 7.066989135742187500e+01
4.444979131221771240e-01 7.125502014160156250e+01
4.897989034652709961e-01 7.017210388183593750e+01
5.188728570938110352e-01 6.973569488525390625e+01
5.423081517219543457e-01 6.918663787841796875e+01
5.655654668807983398e-01 6.857879638671875000e+01
5.870773792266845703e-01 6.791536712646484375e+01
6.123208999633789062e-01 6.696768188476562500e+01
6.346372365951538086e-01 6.612010192871093750e+01
6.503791213035583496e-01 6.564808654785156250e+01
6.625393629074096680e-01 6.550511932373046875e+01
6.900954842567443848e-01 6.515535736083984375e+01
6.725629568099975586e-01 6.468188476562500000e+01
7.121309638023376465e-01 6.423428344726562500e+01
7.737261652946472168e-01 6.404203796386718750e+01
7.826968431472778320e-01 6.388050460815429688e+01
4.011466503143310547e-01 7.233630371093750000e+01
4.208088815212249756e-01 7.093670654296875000e+01
4.331510663032531738e-01 7.075974273681640625e+01
4.482317566871643066e-01 7.127764892578125000e+01
4.941020905971527100e-01 6.997256469726562500e+01
5.215576291084289551e-01 6.967639160156250000e+01
5.443398952484130859e-01 6.913585662841796875e+01
5.665616393089294434e-01 6.855129241943359375e+01
5.870481729507446289e-01 6.791615295410156250e+01
6.114640235900878906e-01 6.700145721435546875e+01
6.336454153060913086e-01 6.615434265136718750e+01
6.492980718612670898e-01 6.566763305664062500e+01
6.617855429649353027e-01 6.548419952392578125e+01
7.044832110404968262e-01 6.517723083496093750e+01
7.283775210380554199e-01 6.481718444824218750e+01
7.496737837791442871e-01 6.444850158691406250e+01
7.607514262199401855e-01 6.416229248046875000e+01
4.083275794982910156e-01 7.179725646972656250e+01
4.238834381103515625e-01 7.078074645996093750e+01
4.357756078243255615e-01 7.094367980957031250e+01
4.497942328453063965e-01 7.127279663085937500e+01
4.960268735885620117e-01 7.021617889404296875e+01
5.238614082336425781e-01 6.962545013427734375e+01
5.460028648376464844e-01 6.909429168701171875e+01
5.670484900474548340e-01 6.853770446777343750e+01
5.864232182502746582e-01 6.793729400634765625e+01
6.099783182144165039e-01 6.705998229980468750e+01
6.315388083457946777e-01 6.623027801513671875e+01
6.494862437248229980e-01 6.565211486816406250e+01
6.571733355522155762e-01 6.551050567626953125e+01
6.553363800048828125e-01 6.527724456787109375e+01
7.086189985275268555e-01 6.510559082031250000e+01
6.242495775222778320e-01 6.468814086914062500e+01
6.334160566329956055e-01 6.432942199707031250e+01
4.136471748352050781e-01 7.141889953613281250e+01
4.265755712985992432e-01 7.068949127197265625e+01
4.374635517597198486e-01 7.096683502197265625e+01
4.554210901260375977e-01 7.115647125244140625e+01
4.993177354335784912e-01 7.014347076416015625e+01
5.250844359397888184e-01 6.959791564941406250e+01
5.467345714569091797e-01 6.907604217529296875e+01
5.670843124389648438e-01 6.853673553466796875e+01
5.856235623359680176e-01 6.796452331542968750e+01
5.628569126129150391e-01 6.714314270019531250e+01
6.292387843132019043e-01 6.631375885009765625e+01
6.480457782745361328e-01 6.568657684326171875e+01
6.681007742881774902e-01 6.513838195800781250e+01
6.879681348800659180e-01 6.526859283447265625e+01
6.517786383628845215e-01 6.528135681152343750e+01
6.360792517662048340e-01 6.505337524414062500e+01
4.012208580970764160e-01 7.243615722656250000e+01
4.175675809383392334e-01 7.114010620117187500e+01
4.287589490413665771e-01 7.065470886230468750e+01
4.399534165859222412e-01 7.108293151855468750e+01
4.586615562438964844e-01 7.108329772949218750e+01
5.024467706680297852e-01 7.007787322998046875e+01
4.885409176349639893e-01 6.956671905517578125e+01
5.470667481422424316e-01 6.906774902343750000e+01
5.668680071830749512e-01 6.854235839843750000e+01
5.851505994796752930e-01 6.798067474365234375e+01
6.022933125495910645e-01 6.735913848876953125e+01
6.282848715782165527e-01 6.634926605224609375e+01
6.467331647872924805e-01 6.571710205078125000e+01
6.657195687294006348e-01 6.531525421142578125e+01
6.778268218040466309e-01 6.516473388671875000e+01
6.888378858566284180e-01 6.524578857421875000e+01
6.876012086868286133e-01 6.523461914062500000e+01
4.039443731307983398e-01 7.207851409912109375e+01
4.203467071056365967e-01 7.096578979492187500e+01
4.306175708770751953e-01 7.066137695312500000e+01
4.413573741912841797e-01 7.110243225097656250e+01
4.187520146369934082e-01 7.102488708496093750e+01
5.047729611396789551e-01 7.003015136718750000e+01
4.909697473049163818e-01 6.955193328857421875e+01
5.473789572715759277e-01 6.905994415283203125e+01
5.669470429420471191e-01 6.853984832763671875e+01
5.442053675651550293e-01 6.798859405517578125e+01
5.709515213966369629e-01 6.734981536865234375e+01
6.242802739143371582e-01 6.621651458740234375e+01
6.534321308135986328e-01 6.543370056152343750e+01
6.612892746925354004e-01 6.504048156738281250e+01
6.697889566421508789e-01 6.517314147949218750e+01
6.797074675559997559e-01 6.522940063476562500e+01
4.081429243087768555e-01 7.180915832519531250e+01
4.222529828548431396e-01 7.085897827148437500e+01
4.321480393409729004e-01 7.068727874755859375e+01
4.426180124282836914e-01 7.115382385253906250e+01
4.622099995613098145e-01 7.099848175048828125e+01
5.063760280609130859e-01 6.999711608886718750e+01
4.854216277599334717e-01 6.954187774658203125e+01
5.474228262901306152e-01 6.905875396728515625e+01
5.664324760437011719e-01 6.855353546142578125e+01
5.834950208663940430e-01 6.803396606445312500e+01
5.265758633613586426e-01 6.701014709472656250e+01
6.227031946182250977e-01 6.587693786621093750e+01
6.536330580711364746e-01 6.540335845947265625e+01
6.607300639152526855e-01 6.519348144531250000e+01
6.667187213897705078e-01 6.525721740722656250e+01
4.109476208686828613e-01 7.161630249023437500e+01
4.237477481365203857e-01 7.078982543945312500e+01
4.330455064773559570e-01 7.073173522949218750e+01
4.432660043239593506e-01 7.121863555908203125e+01
4.630110859870910645e-01 7.098207092285156250e+01
5.017300248146057129e-01 6.998511505126953125e+01
4.710940420627593994e-01 6.953674316406250000e+01
5.422896146774291992e-01 6.908656311035156250e+01
5.620138645172119141e-01 6.860441589355468750e+01
4.992550015449523926e-01 6.794446563720703125e+01
5.324130654335021973e-01 6.697864532470703125e+01
6.314009428024291992e-01 6.572393798828125000e+01
6.437832713127136230e-01 6.535710144042968750e+01
6.409403681755065918e-01 6.527899932861328125e+01
6.616974472999572754e-01 6.508406066894531250e+01
4.017899632453918457e-01 7.239102172851562500e+01
4.132270216941833496e-01 7.144963073730468750e+01
4.246715307235717773e-01 7.075096130371093750e+01
4.337613880634307861e-01 7.076254272460937500e+01
4.442675113677978516e-01 7.120964050292968750e+01
4.628850519657135010e-01 7.098453521728515625e+01
4.797384142875671387e-01 6.999035644531250000e+01
4.394381046295166016e-01 6.953890991210937500e+01
4.825835525989532471e-01 6.912113952636718750e+01
5.044295787811279297e-01 6.861640167236328125e+01
4.823206067085266113e-01 6.818319702148437500e+01
5.436690449714660645e-01 6.610564422607421875e+01
5.569011569023132324e-01 6.574716186523437500e+01
5.686241388320922852e-01 6.544121551513671875e+01
6.564292311668395996e-01 6.522100830078125000e+01
6.603924036026000977e-01 6.521071624755859375e+01
4.012444019317626953e-01 7.242828369140625000e+01
4.153485894203186035e-01 7.129725646972656250e+01
4.257083237171173096e-01 7.071530914306640625e+01
4.343062341213226318e-01 7.078738403320312500e+01
4.444779157638549805e-01 7.121104431152343750e+01
4.413790106773376465e-01 7.100088500976562500e+01
5.047694444656372070e-01 7.003020477294921875e+01
4.945957958698272705e-01 6.964830017089843750e+01
5.412228703498840332e-01 6.921240997314453125e+01
5.597581267356872559e-01 6.873693847656250000e+01
5.679368972778320312e-01 6.851116943359375000e+01
5.660521388053894043e-01 6.643164062500000000e+01
5.989229679107666016e-01 6.598305511474609375e+01
6.146020293235778809e-01 6.564198303222656250e+01
4.025557041168212891e-01 7.224827575683593750e+01
4.167254269123077393e-01 7.119941711425781250e+01
4.266578555107116699e-01 7.068766021728515625e+01
4.348238706588745117e-01 7.080889892578125000e+01
4.446545243263244629e-01 7.120954895019531250e+01
3.447366058826446533e-01 7.102233123779296875e+01
5.019085407257080078e-01 7.008919525146484375e+01
5.029054880142211914e-01 6.976469421386718750e+01
4.633181095123291016e-01 6.929804992675781250e+01
5.516207814216613770e-01 6.895369720458984375e+01
5.980046987533569336e-01 6.746279907226562500e+01
5.998693704605102539e-01 6.634311676025390625e+01
6.410740017890930176e-01 6.590213012695312500e+01
4.039687812328338623e-01 7.207852172851562500e+01
4.182223081588745117e-01 7.109877777099609375e+01
4.273530542850494385e-01 7.067208099365234375e+01
4.352919757366180420e-01 7.082625579833984375e+01
4.448924362659454346e-01 7.120780181884765625e+01
4.598004519939422607e-01 7.105027770996093750e+01
4.963178634643554688e-01 7.003901672363281250e+01
5.126807689666748047e-01 6.986767578125000000e+01
5.089238286018371582e-01 6.943197631835937500e+01
5.267856121063232422e-01 6.878012847900390625e+01
5.691118836402893066e-01 6.847789764404296875e+01
5.117791295051574707e-01 6.697393035888671875e+01
3.612732291221618652e-01 7.189672088623046875e+01
4.189587235450744629e-01 7.105053710937500000e+01
4.278583526611328125e-01 7.066196441650390625e+01
4.356502294540405273e-01 7.083466339111328125e+01
4.452534914016723633e-01 7.120875549316406250e+01
4.587478041648864746e-01 7.107981872558593750e+01
4.942317306995391846e-01 6.999102783203125000e+01
4.223887622356414795e-01 6.980807495117187500e+01
4.964800477027893066e-01 6.960566711425781250e+01
5.054177045822143555e-01 6.922728729248046875e+01
4.383397400379180908e-01 6.887908935546875000e+01
4.670580625534057617e-01 6.862363433837890625e+01
3.985849022865295410e-01 7.185337066650390625e+01
4.195787906646728516e-01 7.101398468017578125e+01
4.281370639801025391e-01 7.065688323974609375e+01
4.365318715572357178e-01 7.079074096679687500e+01
4.454695880413055420e-01 7.120291137695312500e+01
4.580939710140228271e-01 7.109679412841796875e+01
4.960218667984008789e-01 6.999393463134765625e+01
4.446479678153991699e-01 6.979678344726562500e+01
4.165536761283874512e-01 6.950033569335937500e+01
4.987278282642364502e-01 6.901610565185546875e+01
5.218207240104675293e-01 6.878660583496093750e+01
4.082087576389312744e-01 7.180448913574218750e+01
4.199257194995880127e-01 7.099446105957031250e+01
4.281747639179229736e-01 7.065586853027343750e+01
4.353355765342712402e-01 7.078583526611328125e+01
4.451722800731658936e-01 7.118763732910156250e+01
4.580915868282318115e-01 7.109664916992187500e+01
4.897454082965850830e-01 7.006245422363281250e+01
4.753692150115966797e-01 6.974446868896484375e+01
4.250299632549285889e-01 6.909062194824218750e+01
4.399606585502624512e-01 6.887829589843750000e+01
4.086623787879943848e-01 7.177407836914062500e+01
4.199602901935577393e-01 7.099304962158203125e+01
4.279713332653045654e-01 7.065918731689453125e+01
4.339210391044616699e-01 7.071569824218750000e+01
4.426137804985046387e-01 7.094136810302734375e+01
4.530625343322753906e-01 7.118602752685546875e+01
4.651266932487487793e-01 6.978218078613281250e+01
4.087292551994323730e-01 7.176955413818359375e+01
4.198628365993499756e-01 7.099906921386718750e+01
4.272979199886322021e-01 7.067207336425781250e+01
4.324148595333099365e-01 7.063542938232421875e+01
4.393083453178405762e-01 7.080941772460937500e+01
4.453095495700836182e-01 7.116804504394531250e+01
4.017906188964843750e-01 7.178733825683593750e+01
4.127323925495147705e-01 7.101543426513671875e+01
4.268026351928710938e-01 7.068587493896484375e+01
4.323351979255676270e-01 7.062124633789062500e+01
4.391902983188629150e-01 7.078485870361328125e+01
4.494090676307678223e-01 7.122301483154296875e+01
3.472995758056640625e-01 7.183328247070312500e+01
4.185736477375030518e-01 7.108650207519531250e+01
4.281213581562042236e-01 7.065457916259765625e+01
4.344283342361450195e-01 7.068209075927734375e+01
5.061839222908020020e-01 7.000026702880859375e+01
4.033018350601196289e-01 7.216371154785156250e+01
3.895683288574218750e-01 7.133234405517578125e+01
4.294638633728027344e-01 7.063247680664062500e+01
4.328764081001281738e-01 7.060798645019531250e+01
4.008713066577911377e-01 7.232468414306640625e+01
4.100197255611419678e-01 7.168139648437500000e+01
4.246421456336975098e-01 7.076604461669921875e+01
4.380909502506256104e-01 7.080036926269531250e+01
4.424853622913360596e-01 7.096730041503906250e+01
4.016971290111541748e-01 7.235392761230468750e+01
3.691040575504302979e-01 7.202597045898437500e+01
4.392608106136322021e-01 7.078775024414062500e+01
4.017242491245269775e-01 7.236387634277343750e+01
4.332346320152282715e-01 7.056776428222656250e+01
4.391264319419860840e-01 7.079113769531250000e+01
4.065036475658416748e-01 7.069310760498046875e+01
4.360026121139526367e-01 7.065576171875000000e+01
4.384751319885253906e-01 7.078689575195312500e+01
4.397806823253631592e-01 7.076980590820312500e+01
3.723485171794891357e-01 7.079927062988281250e+01
4.289725124835968018e-01 7.064172363281250000e+01
4.356412291526794434e-01 7.065091705322265625e+01
4.374921321868896484e-01 7.066259765625000000e+01
4.391049742698669434e-01 7.079123687744140625e+01
3.773663341999053955e-01 7.076113891601562500e+01
4.104703664779663086e-01 7.064395141601562500e+01
4.335680305957794189e-01 7.057759094238281250e+01
4.368686676025390625e-01 7.065717315673828125e+01
4.014756083488464355e-01 7.150147247314453125e+01
4.033732116222381592e-01 7.085901641845703125e+01
4.267633259296417236e-01 7.070439147949218750e+01
4.308716058731079102e-01 7.061315155029296875e+01
3.551307022571563721e-01 7.180667114257812500e+01
4.157221913337707520e-01 7.103321838378906250e+01
3.550527691841125488e-01 7.075814056396484375e+01
3.993173241615295410e-01 7.064836120605468750e+01
3.431231379508972168e-01 7.205460357666015625e+01
4.152854979038238525e-01 7.124354553222656250e+01
3.834966719150543213e-01 7.088583374023437500e+01
4.011098742485046387e-01 7.223038482666015625e+01
3.920184075832366943e-01 7.151988220214843750e+01
